	E45_491	E183_1692	E272_2103	E1_1551	E241_638	E299_946	E17_2046	E288_787	E73_845	E52_1549	E253_1750	E178_49	E145_764	E219_1348	E27_2297	E148_878	E210_2007	E124_186	E10_514	E276_2282	E258_1210	E66_509	E243_2143	E151_2028	E168_325	E0_1784	E221_1415	E123_972	E7_2384	E81_317	E134_717	E46_257	E261_1266	E51_1863	E116_1290	E122_9	E292_1005	E287_246	E213_323	E291_122	E249_378	E250_1248	E54_534	E222_452	E152_329	E191_559	E43_1450	E118_277	E267_1076	E141_1202	E239_528	E103_580	E128_863	E147_1461	E220_2475	E242_2214	E167_795	E252_1382	E177_1793	E110_1728	E268_1475	E195_2229	E194_1060	E284_2242	E114_1876	E154_1679	E48_1095	E61_1106	E295_1263	E133_1268	E4_1895	E28_1636	E282_280	E138_1030	E139_321	E208_1316	E155_716	E92_124	E232_1688	E179_275	E14_748	E180_971	E274_1739	E91_1946	E298_1607	E20_1197	E161_1880	E283_1546	E275_83	E71_1270	E277_1590	E96_475	E237_1672	E33_462	E82_1513	E160_358	E53_2460	E39_1116	E97_1252	E214_2238	E257_1938	E156_1529	E126_1409	E59_1850	E286_881	E198_1877	E16_1314	E74_2441	E186_579	E108_2064	E149_1712	E169_1702	E146_1803	E75_2214	E60_855	E204_886	E262_328	E47_1137	E289_28	E68_275	E225_1766	E175_1140	E206_1398	E98_2329	E259_850	E207_2390	E216_1322	E80_1074	E3_343	E42_1626	E223_1144	E41_628	E32_1705	E263_2283	E9_1416	E280_1259	E105_1086	E84_2292	E165_310	E218_1764	E202_729	E111_1930	E235_139	E50_351	E279_1336	E224_2166	E234_2255	E13_331	E142_2072	E88_1982	E25_925	E227_2095	E64_4	E193_1543	E245_669	E297_1572	E131_1533	E230_388	E11_985	E157_1810	E285_1922	E58_1435	E273_275	E24_1264	E228_1418	E236_1398	E22_118	E129_353	E18_703	E6_1669	E209_502	E188_220	E170_2270	E117_1140	E40_880	E226_1567	E113_1193	E135_2164	E260_919	E212_338	E121_208	E95_1888	E107_915	E144_400	E296_457	E264_2295	E38_1909	E166_971	E56_1812	E246_972	E200_1085	E265_1395	E192_133	E70_1386	E172_2015	E44_2033	E140_2496	E290_1188	E229_2217	E205_1431	E199_1428	E196_172	E63_977	E31_998	E127_2314	E203_324	E77_1753	E125_2393	E215_494	E106_1346	E100_591	E94_2402	E112_955	E93_2141	E57_2380	E143_1754	E181_2248	E244_127	E189_1206	E248_2193	E190_1782	E99_893	E102_2431	E65_1413	E270_2171	E49_2078	E29_2423	E240_569	E217_1824	E67_495	E255_1995	E293_2324	E256_2031	E12_2168	E231_2167	E62_1386	E233_856	E30_2413	E238_233	E86_1672	E90_1611	E26_440	E159_2337	E182_372	E85_653	E137_279	E247_895	E2_24	E5_2251	E173_106	E78_2152	E164_1155	E15_571	E69_1882	E109_776	E158_556	E79_1125	E271_62	E101_239	E266_1556	E185_20	E176_2267	E174_2083	E55_2001	E37_516	E115_3	E281_181	E251_1470	E89_892	E120_1228	E294_2381	E87_573	E162_1327	E19_268	E153_686	E187_1118	E119_2173	E254_588	E132_1805	E23_2211	E76_1212	E269_2395	E171_885	E163_879	E21_580	E8_244	E197_2146	E201_151	E72_1642	E211_2073	E36_1455	E150_1751	E34_623	E278_1030	E104_2243	E184_294	E136_768	E83_1406	E35_1626	E130_600
g0	2.546383466406241	2.0544941965167767	0.0	0.0	0.0	2.3671474877842456	2.8048405617079437	0.0	1.5104038128274602	1.8234880441424828	2.227808929340962	0.0	0.0	1.7998257056595806	0.0	0.0	0.0	0.0	0.0	0.0	1.9626617989814363	2.3392279486734124	0.0	2.4454466386482556	2.001624047616564	2.339563596593881	0.0	2.561999125508156	0.0	2.4001398728636487	2.5897451258054494	2.321139511298598	2.044762551847623	0.0	2.389222924860461	0.0	1.7966699439576663	0.0	2.4862905015201693	0.0	1.9220459212403933	0.0	2.0119320915885166	0.0	1.8957132015375784	0.0	1.8286352672351205	2.580682645237105	1.7498494607473372	2.2449516512097367	2.4695013019377416	1.7630766972734933	2.8909699240443367	1.8798329293205929	0.0	1.8756844812381868	2.159279590668115	2.28021769789644	0.0	0.0	2.4510588235179096	0.0	0.0	0.0	0.0	0.0	0.0	2.419100486450919	2.055243059841509	0.0	2.012253285696241	0.0	0.034686772425045136	0.0	2.194878879338693	2.4166010862289045	1.9844915394154952	2.407003491365633	2.3582187973423685	0.0	2.1850575880983536	2.1842779819677403	2.3552343783232232	0.0	2.323599677042515	2.6601417588763634	0.0	0.0	2.3459891989559702	0.0	1.8231111830962543	0.0	0.0	2.118745032631057	0.0	0.0	0.0	0.0	2.116471054739376	1.9629462671834583	3.091417363092939	0.0	2.686111981026221	2.0839955986932908	2.4637989802199054	2.4610081410422584	0.0	2.532479780804936	3.0811962812636287	0.0	2.848318018936912	0.0	1.9387011343524096	0.0	0.0	0.0	0.0	2.4324015786533844	2.5331918193580187	0.0	1.6423394844459254	0.0	2.8567742199855566	0.0	0.0	1.842642092740508	0.0	0.0	2.437698826442161	2.6918278490401195	0.0	0.0	0.0	0.0	2.4379433834072777	0.0	2.478884736363084	0.0	0.0	0.0	0.0	2.443945729406043	2.7479498355929253	0.0	1.5048287907791542	0.0	0.0	0.0	2.4001630048445315	1.953250714591892	0.0	2.293130559288094	0.7107246055942471	1.5739988228168342	2.1860935914695694	2.49717090914429	0.0	2.088353808529778	0.0	0.0	0.029503218845636107	2.3978844005578055	0.0	0.0	0.0	2.8750521189005296	2.072364398252356	0.0	2.5275568086415268	0.002855173428957941	0.0	0.0	2.4703956571779457	0.0	2.305170154615823	2.354210475246392	2.3324634568251272	0.0	2.052643571399401	0.0	0.0	3.054545301947334	0.0	2.4414190572952044	2.516687998687596	0.0	2.4990937373535935	2.621461175734483	0.0	1.9911275790190623	2.4864384891906943	0.0	0.0	0.0	0.0	0.0	0.0	2.7904677230331147	0.0	0.0	2.6471716254663686	0.0	0.0	0.0	0.0	0.0	0.0	0.0	0.0	0.0	2.429342597687999	0.0	0.0	2.3472769661816373	2.3802037995519503	2.204032408353572	2.564432352072095	0.0	0.0	2.9130246457755145	2.3892495082407303	2.3302802800078224	0.0	0.0	2.5446399376842948	0.0	2.7003456254233003	2.502260635573292	2.6731133705288883	1.5942310649305258	0.0	2.881408908258248	0.0	2.3345269009305363	2.484762762380985	2.008618288702213	2.3528389284248594	2.9291383286700485	2.05715019760977	2.4781707619428186	2.2618220388011587	2.4202739685829493	0.0	2.2438528056371845	2.3583417355680414	2.645071395797479	2.142434664199281	1.7650223508968683	0.0	0.0	0.0	1.959729700572978	2.465897076892474	0.0	2.4193902795666324	0.0	0.0	2.3461425554514386	0.0	0.0	2.035847590284122	0.0	2.5657383647078458	0.0	3.0927188187621053	0.0	0.0	0.0	0.0	0.0	2.4524282265182578	2.0456886032525947	0.0	1.840358872208596	2.5514051425974493	0.0	0.0	2.715859123070161	2.6159660342828004	1.6561555962861532	0.0	2.418826724759962	0.0	0.0	2.1807637892240974	2.346319203872506	2.436382305265193	2.6402131238676723	0.0	2.3815489756622834	0.0	0.0	2.3806414758863133	1.8176815838908882	0.0	2.7076407077004934	2.364329017181591	0.0	0.0	0.0
g1	1.6467239500486552	0.0007125778253205652	0.0	0.0	1.4311670556406637	0.0075718361102284784	0.0495981323062737	1.6425869967654327	0.0	0.0	0.0	0.0	1.636018625155766	0.0	0.0	0.0009811376511014193	0.016293218862367786	1.6085661017066577	2.197800505095011	0.0	0.0	2.13431595843569	0.0	0.0	1.4371898342613076	0.0	0.0	1.7858904501267934	0.0	1.481027920034227	0.08758528668026519	1.8350354459059781	0.0	0.0	0.0	0.0	0.034278521525449294	0.0	2.05471745522871	0.0	1.4630662397615464	0.0	2.2015588244612116	1.6265108265110912	1.6336013354514356	1.8103829556194009	0.0021136731551790896	2.1504427626202696	0.0	0.0	1.7871691723899832	2.4121773875832595	0.0	0.0	0.002164274527416122	0.0	2.0191475206653484	0.0	0.0	0.0	1.4072861352037098	0.0	0.0	0.0	0.0	1.4620024838561367	0.0	0.0	0.0	0.0	0.0	0.005012190181529756	0.0	0.014021322739344031	1.829713618740857	0.0	1.9557267115939887	1.4901488494403865	1.1387777069606706	0.0	0.0	0.0	0.035306516385201825	0.0007905348340349908	0.0935424211933327	1.8510113350410629	0.0	0.0	0.0	0.0	0.0	0.0049831979857402325	0.0	1.7401568611666534	0.0	1.626886434585892	0.0	0.0	0.0	0.0	0.0	0.006183303850040903	0.0	0.0	2.0462805383403766	0.0	0.0	0.0	1.249210570410285	0.0115458773590081	0.0	0.0	0.0978261009176414	0.0	0.0	0.0	1.4095217191813918	0.007544368236213181	0.008215821201072159	1.6436361572640459	0.0	0.020144123884476804	0.0	0.027696848151667786	1.713691569565849	0.03086622135386588	0.0	0.0	2.2527307979490176	0.0	0.0010798784639188585	1.7787920790555174	0.0	0.0	2.465876349073532	0.0	0.0	0.0	2.4372025844182588	0.0	1.9616957159959143	0.0063513100730500475	1.0975181127417049	2.2922419747636766	1.5132988545665038	0.0	0.0	1.5594798024367396	0.0	0.0	0.0	0.03246663479081285	0.0	0.0	0.0	0.0	0.020637988938604846	1.6588722273513494	1.775150829993425	0.024132355494584538	0.005795496946117053	0.0	1.6796813329813385	0.07635057867800063	0.0	1.8600187459413493	0.0	2.058601756322247	1.5623339506105332	0.0	2.4124883502866488	1.8724042884788399	0.0	0.0	1.9953881099287545	0.0	0.0	0.0	0.06595985872937721	2.071123765625538	2.014231729972115	0.012121863280391738	0.0	0.6986622135576779	2.162213994615872	0.0	0.0	0.0	0.0	0.0	2.052976518441811	0.0	1.7047604941269148	0.005771696177203531	0.0005142647566153646	0.0	0.0	2.00697648646562	0.0	0.0	0.0	0.0	0.051403007009983966	1.9012448294590765	0.0	1.8951555319822904	0.0	0.030075855818808037	0.0	0.0	2.1008135238186654	0.0	1.8022583071963392	0.0	0.0	0.0	0.005688805877416522	0.0	0.0	0.0	0.0	1.923831569683176	0.0	0.0	0.0	0.012110998032668824	0.02487886174679057	1.6701348054838119	0.0	2.26211223766	0.0	0.0	0.0	0.06469817765436248	0.0	0.0	0.0	0.015900954575000438	1.7867841050461626	0.0	0.0	1.9321260655460333	0.009135466877624772	1.8303728941588133	1.9548095812280453	1.9388739712803904	1.6552814332008334	0.0	0.0	0.0	0.0	0.0013956042496886586	1.950993055730634	0.0	1.9215762550599	2.5520891324216888	1.79760619756441	0.0	1.9076791742338235	0.0	0.0	0.0	2.144328167310496	0.0	1.461991201202749	0.0	1.6837150690174556	0.0	0.008311422378321678	0.010868251416835107	0.0	1.5988017141990218	0.00038965370875331125	2.250314443940704	1.8859239807932155	0.0	0.0	2.162842862097748	0.0	0.0	0.0	0.0	1.7152702671290785	2.2803403518159384	1.3954267962399074	1.895217745417325	0.012071624109810422	1.732827840997735	0.03424040466233269	0.011661571598138746	0.0021686873658388933	0.0	2.1880021272761048	0.009027646231131498	0.0	2.3748764017295096	2.194639229102393	0.0	0.0	1.7318368587646331
g10	0.011725924714685226	1.8611547991897368	2.187658449154562	1.5802333474287007	0.0	0.0	2.16375778326287	0.0	0.0	2.3480899928249257	2.174032241938927	0.0	0.029764428788314937	1.251166480431258	0.0	0.0	0.0	0.0	0.0	2.0109043929643766	0.0	0.0	1.9149134273774275	0.0	0.0003031670289618334	1.8572463283188387	2.419904959978764	0.0	2.2890628418742693	0.02572651435255735	0.017453642641443882	0.0	2.3342870495081858	2.298566374566563	0.0	0.03104591271289884	0.0	0.0	0.0	0.02135232400678017	0.006620857822184823	0.0	0.0	0.0	0.015379102430952932	0.0	1.7426416433953376	0.0	0.0780981178813224	2.0216539043591597	0.0	0.0	0.0	0.0	0.0	2.8819852248883544	0.0008854532648395336	0.0	0.0	2.3141378284776244	0.0	2.0217354622284787	0.00026948484772276043	0.0	0.0	0.0	0.0	0.0	0.0	0.0	2.0180729987538637	2.4398144117586646	0.002161302510788582	1.6817306495104556	0.014037379578756806	2.390815075825817	0.0	0.0	0.0	0.01166270204930802	0.0	0.0	2.0981876953277148	2.9552782656446643	2.8334192704836045	0.0004545666043838329	2.450029219136916	1.9720536183121564	0.02807697746117149	0.0	2.139476342207939	0.0	2.2877006738674583	0.0	0.0	0.0	2.0470937344788886	0.0	2.1588116035523437	2.644637641528192	1.85151342878804	0.0	0.0	2.141531132032669	0.002377680612677617	2.3011814901547845	1.8561823179311143	1.8933730434910243	0.02526328020268865	1.401365924134047	1.9158916453839607	1.94395238660353	2.218651993971331	1.6497108074592357	0.0	0.0	0.0	0.0	0.02463514598518692	0.0	1.792941473508133	0.0	2.198667123020738	2.114850575848757	0.0	0.0	1.8931597380605918	0.004316776839392505	0.0	0.0	0.0	0.0	0.0	2.6071139905880765	0.04692328450145339	0.0	0.02395248712034611	1.8239956926421983	0.0	2.1584070546485807	0.0	0.0	0.0	0.0	0.0	2.40034927923748	2.1660327893655835	0.0	1.8829503039985056	1.4407517939188517	0.0	2.311403925111289	0.0	1.9996272478896364	0.0	1.3286900772130676	1.9070482939990503	0.0	0.0	2.4121287367848185	1.9323245752149483	2.079747592930941	0.0	2.517969298229973	0.0	0.0	0.0	0.0	0.001549451129871582	0.0	0.0	0.0	0.0	0.0	0.0	2.2496140531161166	2.0706969670066493	2.149663691511825	0.0	0.0	0.004398227927178039	2.2604337757169124	0.0008352915125784659	0.0	0.004898090601335471	1.872785942153548	1.9255712207960776	0.0	0.0	0.0	0.0	1.6385778844154382	0.004338451989273439	2.0330211970402905	2.1004971008797946	0.0	2.2628061988037564	0.04131279532736976	2.005938167223467	0.1631368541089548	0.0	0.0	0.0	0.018422171137228386	0.0	0.0	1.9395580106951007	2.2232397336133243	0.0	1.9543107607246195	0.0	2.005106880190004	0.0	2.0168238603468995	1.8977920682608331	2.1074393803763427	1.9639791467380279	0.0	0.00035903088830217686	2.31518509696438	0.0	0.0	0.0	0.0	2.65291304379024	2.9617927220691587	2.4022801089535726	0.0	0.0	0.0	0.0	2.202857933196311	2.20422906043148	2.3157430973237583	2.443095483666231	0.0	0.02580517789796516	2.05784684933862	0.0	0.0	1.8983877881574625	0.012332009585934127	1.7782594448541595	0.00036869835673359946	0.009793785321913898	0.0	0.0	0.0	2.0746180179332105	0.0	2.140461932651744	0.020438603943317486	0.0	2.4879685314850217	0.0	0.0	0.004960928726763425	0.04246422301689843	0.0	2.0371475180915994	0.0005807576954474798	0.0	0.0	0.0	0.0	0.0	0.0037469084399087173	0.0	0.0010447171404059405	0.0	1.7869199371209572	0.036474940504183866	0.31095165226205945	0.0	0.0	0.0	1.9122188816163228	0.07130424515110909	2.2951885295964636	0.0	0.0	2.3626038173608217	0.0	0.0	0.0	0.0	2.394860163178606	0.012108569273818716	1.951208807594684	0.0	0.0	0.0	0.0014891732404029607	0.0	2.009414948232485	0.0	5.77074483997669e-05	0.0	2.2538075374799864	0.0
g11	0.0	1.32472527603725	2.065811196219608	2.128410537395022	0.0	0.0	1.7398759808259037	0.0	0.0	1.5986807559339031	2.005977506015478	0.0	0.0	2.2882725728761364	1.6593115054829335	0.0038048786707664713	0.0	0.0	0.0	0.0	0.0	0.04564699233555841	1.3150654018497483	0.01412085255173287	0.029048833550079964	2.3311769565548714	0.0	0.0	0.0	0.0	0.02859145197920705	0.004254587844190361	1.29073412667525	1.808220244312376	1.7350330142496502	0.0	0.0	0.0	0.0	0.0	0.0	0.0036740529041556225	0.04747007847400959	0.0008351649953513836	0.015107097885627531	0.0	0.0	0.0	0.01001815607230868	0.0	0.0068451155925532865	0.001031877130894694	0.020278536530079026	1.4129887399249903	0.0	1.9417039944749288	0.006606829428608201	2.3742992224882764	1.7425733117120124	1.6714293197254493	0.0	1.3543050030134531	0.0028299571975340717	1.6130047759729824	0.0	0.061638724427648235	0.0	0.05201588481705621	0.0	0.0	1.7382091725903115	1.9583359187164016	0.0	0.0	0.0	0.0	0.0	0.014745553598867376	0.0	0.0	0.0	0.048326615456535264	1.7210891846935743	1.5002718351121906	0.0	0.0	1.797445221569644	2.30713207220288	0.0	0.0	1.9157875890154343	0.0	1.5438107269082515	0.003425722663057155	0.0	0.0	0.0	0.002076069642915257	0.0	1.5563081396046052	2.2527066346260174	1.814349304965196	1.6913947208579894	1.9065519332249024	0.0	1.7041732559510427	0.0	1.862492016058663	0.0	1.7637206577324682	1.7621458509219567	2.0658971891615825	0.0	2.3599496534719204	0.0	0.0	0.0	0.0	0.0025012148445784	0.003767428520477857	1.6747505327179624	0.0	2.001891248046618	1.8115214066187744	0.0	0.0	0.0	0.0	0.0	1.9589150094050016	0.0	0.0	1.733251976743975	1.7125782273104535	0.0	0.0	0.0	2.1471909759236447	0.0	1.54338235272471	0.0	0.0	0.018778063827442383	0.002876360686268336	0.048430494075034296	2.012217675079719	0.0	0.0	1.6334574970013571	2.3240252046158014	0.058331575361805124	1.5777231837830044	0.004378038664232314	1.794211498303133	0.0	0.3447822437147888	0.0	0.0	0.02594816921440848	1.6997231458585764	1.847578167275096	0.08131546010633013	0.0	1.6364261175489367	0.0	0.0	0.053725962992552265	0.0	0.0	0.0	0.010726599289610176	0.21126696009123447	1.5598090134240064	0.0	0.03451185956837495	2.272312325636886	1.545267621094924	2.2279037554429646	0.0	0.0	0.0	0.0	0.0	0.0	0.0	1.95931554576895	2.349193789132087	0.0	1.6183115250021127	0.0007998742677684606	0.057260108707270635	0.0	0.0	1.6604091198317867	0.0	2.0167247667519788	1.5833822068246846	0.0	1.3937868784550986	0.0	0.0	0.022137387887695363	0.001283212367974648	0.0	2.136923827609481	0.0	1.777172357157241	2.549210260329407	0.0	1.8555214031462128	0.0	1.8424442499732367	0.0	1.9683890094291745	0.0	2.5104310564451806	1.6030453945437713	0.0	0.0	2.1176802075563894	0.0	0.0021540833728380076	0.0	0.0	1.7583479421170831	0.0	2.3333989945220583	0.0	0.0	0.00037831011785647016	0.0	1.946832121263383	1.6992222287764849	1.5853812659631894	1.6237718619494146	0.0	0.0	2.0164047907673828	0.0	1.4611644104572905	0.0	0.0	1.5697363997800131	0.004906809628215456	0.0	0.0012069306976023276	0.0022086876471827926	0.0018456521935481226	1.7972153326971227	0.0010372741341049662	0.0	0.0010428545020779068	0.0	1.8985495164870718	0.0	0.0	0.0	0.0	0.0	0.0	0.0	1.5946831281387437	0.0	1.7728348867965489	0.0	0.0013823025244655994	0.0	0.00024327049553898275	0.026350649245124376	0.0	1.7648128178198714	0.0	0.0	0.0	0.032555571824589916	0.015950964014029158	1.6051634277642126	0.0	1.691889024282153	2.119983508775295	0.0	1.6182770654460619	0.0	0.0003385805047393705	0.0	0.0	1.9650345048927385	0.0	1.9057413971746608	0.0	0.0019827484491016624	1.581240058478038	0.011189695569290748	0.0	1.6129054369407647	0.0	0.012891488214150898	0.0	1.6272021338008005	0.0
g12	0.0	0.0	1.74978169921722	1.9242784431461704	0.0	0.0022290882822021034	2.42935738138506	0.0	0.0	2.555362899340297	2.4809407651621567	0.0	0.0	1.972424547797644	2.1539796996725764	0.0	0.03817023285495151	0.0	0.0	2.600479540011261	0.00034027668121793767	0.0	2.2959294617219066	0.0	0.014314409777298394	2.268895113742356	7.520906883337142e-05	0.0002779002847909328	1.9476180286094595	0.0	0.011003766986977331	0.0	0.0	2.7714566485021908	2.5225664545890782	0.0	0.0	0.0	0.0	0.02119523346271255	0.0	0.0	0.0	0.0	0.0	0.0	0.0	0.002401636586725932	0.0	0.0	0.0	0.0353610090541381	0.016133483955027974	1.9065029118844767	1.7127869779032001	1.9321860196667355	0.0	0.0	1.911187952490254	0.0	0.0	1.669195426826213	0.004469327053332322	2.3396388323873927	0.0	0.006416264947125501	0.0	0.0	0.08072482384808682	0.006201795381181326	2.265213460517004	0.0	0.0	0.0	0.0445623162079402	0.0	0.0	0.0	0.0	0.0	0.02309324755417156	0.0	1.7129725994707912	1.8905505302116583	2.090277441122511	0.0007433734713729384	2.3620561587553817	2.216377247912886	0.0	0.0	2.3367459167950297	0.0	2.307641055372592	0.0	0.0013036792862374802	0.0	0.0	0.03696176827461407	0.05517280422655434	2.6844886232363336	2.886517045894081	1.9288787682276352	0.3377950464017853	2.8555269328463173	0.005297044953284212	0.0	0.0	2.122520731696365	0.01701779614359828	2.1131310438361437	2.3605437061047723	1.836939910331672	2.2272088091271063	0.7899172251506383	0.0	0.0	0.013389272968466813	0.0	0.011174410917057058	0.058096631059139564	2.332617654684571	0.03902533884606505	1.9649840258929967	1.7923956944472663	0.0	1.7791903875240669	0.0	0.002748300908430342	0.08001498641446607	1.7373339055249948	0.0	0.0	0.25858565819094315	0.0	0.0	0.006112304912289392	0.017412170104892818	2.3114808636136117	0.00875784646681833	2.0757842760130383	0.0	0.016752592815956847	0.0	0.0	0.009841063541105595	2.310421516225312	2.0596653477897093	0.0246513577393476	0.20138282199894164	2.210769330452824	0.009041509125097809	0.0	0.0	2.4385950475063964	0.0	0.0	0.0	0.00485515642195558	0.0	2.117212311044572	2.148472287547051	0.0	0.0	0.0	0.0	0.005293548363655545	0.0	0.0	0.0	2.437504137632719	0.025450430964056792	0.0	1.8274080069269991	0.0	0.0	0.0	0.0	0.0	0.0	0.002409933654677987	0.0	2.7033084626699475	0.036796756382389016	0.0076490860280309814	0.02034045695111384	1.842175896553156	1.84826293239828	0.0	0.0	0.0	0.0	0.009352803211393488	0.0	2.0415310336759798	1.8338115002166	1.9250519648462128	1.8899397779818483	0.00271114581640494	2.184975933545513	0.0	1.9407548156847247	0.0	0.015247710786702081	0.0	0.0	0.02394355735700112	2.0424985567522698	2.4499524421693657	0.0	0.0	0.0	2.0603101946401	0.042785038651062236	2.258670118383822	2.3712708318917173	2.5137855818495174	1.8382233249399835	0.0	0.0	2.1351975422254506	2.024119824143875	0.0	0.0	0.0	1.7852025183329536	2.651768489943354	2.127714653780333	0.0	1.587868502340442	0.0	0.0	2.132583938274007	2.801382056369239	1.7506558211071286	1.5249407857351205	0.0	0.0	2.2815405634981487	0.0	1.827188347740976	0.1203174499255035	0.0	2.157748644775688	0.00519431581313486	0.0	0.021518690884449902	0.0	0.0	1.736366546517197	0.0	2.5037086911225126	0.0	0.0	1.7283890347487911	0.0	0.014676584180788313	0.0	0.006476341784642635	0.0	0.17765316380656515	0.0	1.8896622782763408	0.0	1.8826919834313856	0.0	0.004573027794565949	0.0	0.0	0.0	0.0	2.086125837990256	0.0	0.0	0.0	0.003201510553845486	0.0	2.256371965460632	0.015924734262642126	0.0	0.0	0.03725266861564022	2.4860065582287034	0.0	0.003283845904160862	0.00317543565116015	0.03619564889176806	1.7703085393154891	0.0018421873273819847	2.3398749883444228	2.116640733206235	0.0	0.0	0.0	0.0	2.1979905568341604	0.0	0.0	0.0	1.3670571608309736	0.0
g13	0.0	0.08512033591290374	1.6586723671135772	2.052096683988008	0.0	0.0	1.6381360620663556	0.0	0.002402411796875291	2.07820419881912	2.0094068586641383	0.0	0.0009256405108056592	0.0	1.5542926820972582	0.0	0.01947623315329609	0.0	0.0	1.9371527583185464	0.011376977595362152	0.004069172490324643	1.8788659519641209	0.003226272787167339	0.0	1.9140507889502167	0.005081750434619748	0.007771749738998094	1.557128070722842	0.0	0.0	0.0	0.0	1.6024360517949447	0.0	0.0	0.0	0.0	0.0	0.0	0.0	0.0	0.0	0.0	0.0	0.0050090959072513494	0.0	0.006252210468392527	0.0	0.0	0.01169409374422256	0.0	0.0	0.0	1.9996952253927769	1.7213932200611644	0.0	0.0	1.4724357823216143	1.842879145187987	0.0	1.5779561653146463	0.0	1.9539337299501347	0.0	0.0	0.0022289628560170785	0.0	0.0	0.0	0.0	1.4923834894628918	0.02496991885173444	0.0	0.0	0.0	0.0	0.0	0.00538247471116593	0.0	0.0829278626030119	0.0	0.0	0.0	0.0	0.023473243258910724	0.03773018617024878	0.0	0.025453032334608657	0.0	0.0	0.00421653637157072	2.1823040306169115	0.0039446961554717675	0.0	0.0	1.821259212655996	4.66700661638826e-05	0.009581331163695255	0.0	1.6034410227564844	1.8148894496963248	0.0	2.0118167752653537	0.13908438931539036	2.1009907093057367	0.0	2.1129280485732798	0.0	1.518760478763321	0.0	0.0	1.7128471172837243	0.0	0.0	0.004502413030397693	0.019012509262599918	0.0	0.0	0.0005354285125093146	1.816840191513441	0.0	1.9613657498837649	1.3905389722978614	0.0	1.6961787042483434	0.0	0.011690372122833493	0.0	1.862828274406327	0.018875320839534374	0.0	0.0	0.0	0.0	0.0	0.0	1.9411691707327925	0.0	1.3995557372294192	0.0	0.0	0.0	0.0	0.00018080719786669488	2.5478988291843203	1.6350097649748667	0.0	2.0219016465515995	1.6577095536843092	0.0	2.2288862299734933	0.0064146980835764365	1.8205750261530813	0.0	0.0	0.024347548964898155	0.0	0.0	1.5817089156616555	1.400863430182531	0.0	0.0	0.0	0.0	0.0	0.03579610006942592	0.0	0.0	1.458477776582776	0.0	0.02212440201894465	1.5509159616959625	0.0	0.0	1.4953894370720011	0.04532339490541591	0.005751443319327041	0.0053839703758690035	0.0	0.0068369777225486105	2.057838974878527	0.0	0.0	0.010874151285171323	1.5770807353370389	2.228680311681046	0.0	0.0	0.0	0.0030568343486830647	0.002962496453690125	0.0	0.0	2.1080044131354523	2.084036494560644	1.8109738134457032	0.017729074772590836	1.6645572756623586	0.0	2.1004563713062114	0.0	0.0	0.0	2.029602663737962	0.0	1.7212584178366526	1.8869370108793693	0.0	0.0	0.0	2.1994688569353054	0.002521083949212845	1.5114310068000223	1.8735398218669304	1.6969969019398683	2.1288577249612963	0.003280726318088976	0.0	2.0621941797701555	1.8864985834439991	0.0	1.9216323489702607	0.0	1.9056562282018508	1.6457143033423354	2.122194845831157	0.0	1.7795233142884288	0.0	1.846834671118332	1.7655932916222223	1.978585803014154	1.7079915404194612	1.671187889420915	0.0	0.0	1.818135949913792	0.03143570620952657	1.971761610550626	0.0	0.022468158034198826	1.4119497696855454	0.0	0.0036588611870841405	0.0	0.0	0.013629263119533969	1.95052132074488	0.0018877314867270035	2.071339125825776	0.0	0.0	1.6340752052011809	0.0	0.0	0.0	0.003041403613994795	0.006042168304590346	0.0	0.0013327493645301721	2.3585002577569703	0.009251942807218827	1.740417781509663	0.0	0.006647636589656425	0.0	0.0	0.0	0.0	1.852497316275078	0.0	0.0	0.0	0.01450499486055173	0.003030246328144491	1.93502904329475	0.0	0.014548180519653968	1.88469988186304	0.0	2.0412701394514685	0.0	0.0	0.0	0.0	1.6245555099210247	0.0	1.6847246193754444	1.8572705913679928	0.0	0.0	0.0	0.0	1.943329381608251	0.007251364711527286	0.0	0.0	1.5366707174249492	0.0
g14	0.027333095745973538	0.0	0.4493637935770925	0.575469891349055	0.0	0.0	1.4970130306126732	0.003630369494236099	0.0	0.8677616108557461	1.6557555879096078	0.0	0.07212757221634791	0.0	2.497186141432044	0.0	0.0	0.0	0.0	2.121995257799654	0.0	0.0	1.923381089475587	0.0	0.005468902041644591	0.56392489095443	0.0	0.0	1.6146267967295491	0.0	0.0	0.0	0.0	1.5608514542223164	0.0	0.0008668718764149256	0.0	0.0	0.0	0.0	0.003091994072384482	0.02389014162206026	0.0	0.0	0.030924996217858436	0.0018960782924472856	0.0	0.0	0.0	0.0	0.002443937988955941	0.0	0.011692416404568612	0.06593712721398362	1.4726448789800513	2.1844109646390324	0.009867940196010342	0.0	0.9765901751442768	0.2968212453900085	0.0	2.1492455805859274	0.0	1.51403265083002	0.0	0.0	0.0039565333522077325	0.0	0.0	0.0	0.1310714395503502	0.0	0.0	0.09691089161702364	0.009642240555755466	0.0	0.0	0.01387694880554182	0.05287596692716818	0.0	0.0	0.0	0.0	1.3653013628951298	0.0	0.0	0.04183878371979792	0.0	0.0	0.0	0.7153853600986151	0.0	2.2438378119540583	0.0	0.0	0.04048576629227756	1.8469712366275053	0.0	0.0	1.3789143498649354	1.9495307259964247	0.0	0.01876078262622666	0.9249269757291946	0.0	1.5400028207845708	0.0	1.6437728340061235	0.0004764747211717696	2.0501858293759017	0.0	0.0044130765860088345	0.633196441440785	2.156473586765833	0.08529174342590598	0.0	0.0014011513499791993	0.01575989361584116	0.0	0.0	1.5601301067835909	0.0	0.0	1.8417531706498704	0.0	1.4513074730560476	0.0	0.002706622673751617	0.0	2.019719104890365	0.0	0.0	0.2316187325982699	0.0	0.1487457026871291	0.0	0.04047782104931245	1.851752426876495	0.04866716816068505	0.2783907665467814	0.0	0.0	0.00854820824808385	0.0	0.0	2.624676669013479	1.6560285257953198	0.0	1.7027017404167373	1.846555573847361	0.0	1.3151965341268932	0.0005064189125013103	0.034935150208315904	0.0	0.0	0.0	0.0	0.02342907049341653	0.18463937342624576	0.0059913175966158855	0.03502024453532958	0.0	0.0	0.0	0.0	0.0	0.0907970887415977	0.0046149582888041435	0.0	0.0	0.010060660911868198	1.6805370558911932	0.0	0.0	0.0	0.0	0.0	0.013229626716649907	0.0	0.0	0.5426774733209389	0.0	0.0	0.0	2.662273922906905	1.486194939628085	0.0	0.0	0.0	0.060678090778019216	0.0	0.0	0.0	0.0	2.1972350796754427	1.84668205270322	0.0	1.3094604822987148	0.0	0.04247918388830944	0.035026981834888365	0.0	0.0	2.2352935202800808	0.0	2.501374057509038	1.9120593785883928	0.0	0.0	0.00026851089935153196	2.131245541099124	0.0	1.7338513408629836	2.37711433319994	0.8669700126588952	2.3039939318752327	0.0	0.01840678892035902	1.890897140298175	1.4055581326203213	0.0	2.4553824659882606	0.02726709374387213	1.812005778907696	1.344745912567262	2.150996968688016	0.0	0.0915985553353855	0.0	2.1548069022286658	1.5653452495422158	1.7817072540237988	2.156429463439577	1.6719866692962997	0.005131189418211554	0.0	0.5436706514951599	0.0014168017558365946	1.3172510728793239	0.0	0.012937558426173544	0.04430735755152005	0.0	0.0	0.0	0.0	0.0	2.073823630705024	0.0	2.2368737151296565	0.0	0.0	2.1161850845486887	0.0	0.0	0.009022596517609735	0.0	0.0	0.0	0.0	1.6336018373144767	0.10195770405846362	1.7565753394919978	0.0	0.0050933319452098145	0.0	0.02889105412417488	0.07634935645815512	0.0	1.920252408389988	0.0	0.0	0.0	0.0	0.0	1.4443948664645267	0.0	0.0	2.3376763610643523	0.0	2.0876985682601465	0.0	0.0	0.00955361712053239	0.014102447064464726	2.142414367417233	0.04906470527724967	0.5373687994165538	1.8567324803985927	0.0	0.0009563012741823344	0.01247794251147057	0.0	1.8367903376873385	0.0	0.0	0.0	0.0	0.010156524016551713
g15	2.06008412727117	0.0	0.0	0.0	2.167024713337786	2.400512765474024	0.0	2.2183884592251877	0.0	0.0	0.03014351355153654	1.8744373018041085	1.7206494969035908	0.0	0.0	0.0	0.0	2.4159745717280683	2.366885515706944	0.0	1.9517290698150416	0.0	0.005896855813331711	0.962203813581154	2.057701315797328	0.0	0.0	2.168290393014283	0.0	2.371647219573773	2.185525820304146	1.5655652179652688	0.0	0.013315512250589814	0.0	2.08131704702673	0.0	0.0	2.147613551573558	2.3253697131386413	2.24005645222398	1.930665437988184	2.0559651127186687	2.152514875650581	2.3268212095396845	3.23110924502658	0.17942722885802204	0.0	1.979377018587052	0.0	1.954696076272403	0.0	0.0	0.0	0.012587645210368058	0.0	0.0	0.0	0.0	0.0	2.2727887749585602	0.0	2.084417544095475	0.0	0.036518391398186766	0.0	0.05153337314504808	2.0723977025000124	2.007498728281253	0.0	0.0	0.0	1.9780465084016017	0.0	0.0	0.0	2.017368683723131	2.4029905978671464	0.0	0.0	2.062514564524521	2.1475133268348108	0.0	0.0018560473140790774	0.04616308868503194	0.0	0.0	0.0	2.1724391056805614	0.0	0.0	1.9908058728106508	0.0	1.4278425753837274	1.9276147882405044	2.4458656527569307	0.013486875411260164	2.384455030324303	0.026052305826872325	0.004585577661684361	0.0	0.0	0.0	0.05172304300439992	2.054173030732859	0.0	0.022045215059029767	0.0	2.1106399050307587	0.0	0.0	0.0	0.0	0.0	2.167701432300281	2.082030178430096	0.0	0.0	1.973000640103688	0.0	0.0	0.0	0.0	0.0177742994603395	2.3326121620244704	0.004835008189443968	0.0	2.6362256532936708	2.578167168312894	0.0	0.0	0.0	0.0	0.0	1.9817391070298755	0.0	1.4085435152713681	0.0	0.0	0.0	2.5682492841557467	0.00833211331795878	2.603970062859424	0.0	0.0	0.0	0.0	2.200952615505693	0.0	0.0	2.195224128223257	0.0	2.0695513294503884	0.08036437201567152	0.0	0.01622820730897106	0.0006265566802589009	1.7029412379589888	2.104024242608651	0.04978586817323094	0.0	0.0	0.0	0.05758564043923407	0.0	0.0	0.0	2.168461300638927	2.159795688801111	0.0	0.0	0.0	0.0	0.04262197104086162	2.2017603227283025	0.02244941841484277	0.0	0.08243856366605147	0.0	2.142375356745527	2.181548287937553	0.0	0.1422053541542643	2.5930454149180315	2.131231045933479	0.0	0.0	2.1143121865816483	0.0	2.1119333087136463	2.8120532842579844	0.0	1.9004740637093944	0.0	0.017088740733435692	0.033374563628078134	0.0	2.0545877603578835	0.4059589905054115	0.0	0.0	2.146384035867159	0.0	1.9370172685380984	0.0	2.7368545537536426	0.06693352534968768	0.0	1.8686669579806598	0.0	1.9258907294590584	0.0	2.039061401912367	0.0	0.0	0.08240058643719088	0.0	0.0	2.059567354203057	0.0	0.0	0.0	0.0	0.8442624723136961	0.059282745175357476	0.0	0.0	2.9325435975976735	0.0	2.0092667295096818	0.0	0.0937815572567096	0.0	0.0	0.0	2.0635841226856044	2.0060024914838883	0.0	2.0203403593658904	0.0049490781858335655	0.0	1.9483880978406944	0.04662785574568694	1.9100854097056696	2.343053074072255	2.5056623396888096	2.1869014518872363	1.7145232095240557	0.0	0.0	0.0	2.0946665497577475	2.545402553343324	0.0	2.73399960182629	2.065286480635663	0.0	2.688118736405976	2.382691806728862	0.0	0.0	0.0841691909532897	2.6348497817733265	0.0	2.4499680239169264	2.07937612032088	0.0	1.8809521873440564	2.023015705681013	0.0	0.0	2.0559339553568132	0.0	1.8395798007582809	2.0720477429635067	1.9455185132095607	0.0	0.0	0.0	0.0	0.028115619046172203	0.0	2.090791534771665	0.0	2.3104763329423292	2.6025338293674483	0.0	0.0	0.009419053060234852	0.0	0.0	0.0	2.710106892226598	0.0	0.04645149776651429	0.0	2.001648584697956	2.0336833132824093	0.003967911404969857	2.301835912367504
g16	2.6115720320305065	0.0	0.2436860356846774	0.0	2.701536213016894	2.427342764174284	0.0	1.8045603364521308	2.408574866501468	0.010166406767635085	0.0	2.442405203612168	2.2305390120406856	0.0	0.007034954035534744	2.7944106766287584	0.0	2.7987515758503223	0.0	0.0	2.3966612203417452	0.0	0.0	0.0	0.0	0.0	0.0	2.671374186839538	0.0	0.0	2.4347592315399846	0.0	2.97955597563122	0.0	0.0	2.4118954794059206	2.150223856344173	2.4105113420964708	2.392941683608044	2.386125728540372	2.788932944687257	2.5652053916646684	0.0	2.6398564757321217	2.6408155263785487	0.0	0.0	0.0	2.2262086973409283	0.0	0.0	0.0	2.7471679901545487	0.33210268422028866	0.0	0.0	2.6988028065022664	0.0	0.0	0.0	2.9948099818854788	0.3757574351996877	3.2790645805259864	0.0	0.0	0.0	0.0	0.0	0.0	3.3374408463669436	0.050999081933839466	0.0	2.4183971646988978	1.9545221725712427	2.7821940320359126	2.9720870622409405	2.4791993356431083	2.6284768225020447	2.142137421757856	2.2941779683634107	2.7112441572985206	0.0	0.10068115643666654	0.0	0.2288555679375267	0.0	0.0	0.0	2.6919230380626886	0.0	0.06120265086857184	0.0	0.13672990876397378	0.0	2.542757120483614	0.0	1.7177356148497631	0.0	2.4816222718907817	0.0	0.0	0.006037578577430503	2.0582252669657715	0.016603388324063783	0.0	0.0	1.2316417807476845	0.0	0.0	0.0	0.0	0.08964129014060454	0.0	0.0	0.0	2.507841838900696	0.0	3.021717196116793	0.0	2.906807157697652	0.09260286474410494	0.0	0.0	0.4150303733731357	0.0	0.0	2.0200218351679537	2.29689068650619	3.029644777469968	0.0	0.0	2.4271087496365227	2.505614726995385	2.805435250511628	2.485239830232828	0.0	2.691722764078924	0.0	2.5329645807937364	0.0	2.486612865600483	0.0	0.0	0.0	0.0	0.0	0.0	0.0	0.0	0.0	3.066656423845602	0.3752539160321677	2.1215605012574024	0.0	2.657002853586852	0.0	2.094742616633772	0.0	2.2457653942031586	0.0	0.0	0.0	0.0	2.651836037079444	3.118256334609064	2.3636332052276967	2.3736661316001104	1.844732870915732	2.530948252246315	0.0	2.198361491607228	2.679408785148925	0.07490329875094191	0.0	2.6230294054390537	0.0	0.0	2.2827347501021737	0.0	0.0	2.7158148151935566	0.0	2.5642401816132674	2.9616826583984035	0.0	0.3615971454083186	0.0	2.4366222609768005	2.5598297415862814	2.1367535111841227	2.5715306511128704	0.0	2.117573462882214	0.0	0.06234141792024464	0.10966848075077466	0.0	2.4633371722133903	0.008461847971659116	0.0	0.0	3.226641161297993	0.0	0.0	0.0	2.1975823504020204	0.008777983631286979	0.1116919983887118	2.638246152401728	0.0	2.8996655111724934	0.0	2.8082995605666343	0.0003820507698574072	0.0	0.04717701561547087	0.16327663672175094	2.2505277761194797	2.4975315867985217	0.0	0.0	0.0	0.0	3.464095212460461	0.022863139122084014	0.0	0.0	2.60307920377846	0.0	2.4182765154123547	0.0	0.0	0.0	0.0	0.0	2.7115923328912217	2.131052226579917	0.02483856977488616	0.0	0.4420576428718336	2.3931490342730606	1.6116776957144152	0.0	0.0	0.0	2.5505631690450907	0.0	2.4798784553360878	0.0	0.0	0.08980999227885085	1.8109640233837736	0.0	0.0	0.0	2.4418837694166844	2.100749508005882	2.4044528162809526	2.8130103946627782	0.0	2.5171762395434976	0.0	0.0	0.0	2.4310521608007987	2.0448572967449943	2.5664966524880097	1.5591460072699457	3.49354823666114	2.683810265752275	0.0036443624284335672	2.623944304296665	2.243758893452652	0.0	0.0	0.0	0.0	0.0	2.184334958204507	0.0	2.5005251755946625	0.0	2.089585166919196	2.458212507444432	2.8819497436150217	0.0	0.0	2.399778900967069	0.0	0.0	2.794586486760648	0.0	2.371831671935175	2.690536171000222	0.0	1.931981772681804	0.0	3.561904211621456	0.0	2.492024517444833
g17	0.0	0.0	0.0	1.5189345212963314	0.0	0.0	2.136474757309596	0.0	0.0	2.0083845729105034	2.140744771047259	0.0	0.0038682957300152218	1.6473594652304389	1.819026398053228	0.0	0.0	0.018296962886290898	0.0	2.200239472939224	0.0	0.0	1.5213226168993534	0.06252555965189373	0.0	1.7402344441169053	0.0015488612578351466	0.0	1.3901118940399704	0.0	0.0	0.0	0.0	1.480148437614689	1.774940367332036	0.002531623143635582	0.0	0.0	0.0	0.005094834949060406	0.0	0.0	0.0	0.0	0.004357011652576839	0.0	0.0	0.0	0.0	0.0	0.0	0.0	0.0	1.5754815183324136	2.3254015167071067	1.479462231184445	0.0	0.0	2.1736271467767168	0.0	0.0	0.0	0.0	2.2917818221600728	1.3630852162141	0.0	0.0	0.0	0.0	0.006500930063471122	1.6982727684261187	1.713692297196011	0.0	0.0	0.0	0.0	0.0	0.005432129146949996	0.02784790558667629	0.0	0.06534747393718772	0.0	1.810208537965	0.0	1.619315450785462	0.18626411968921427	1.7916308090007984	1.6820694931078448	0.0	0.0	1.6851628133793934	0.0	1.558136035700415	0.052458744380312325	0.00028548976099161303	0.0	0.4440377698651276	0.01693406145590541	0.0	1.6184940539562618	1.9878201785537444	1.7004314121796182	0.2750703535029461	1.7280806569397849	0.0	2.3511386749399708	0.0	1.877609589380853	0.0	1.6489768947615426	1.8272880902914483	2.17901703710449	1.4593148681298374	0.7286313970870123	0.027262045855291003	0.0	0.0	0.0	0.0	0.0014873377905431585	1.970448265813402	0.0026816419919042447	1.6994999871835033	1.4044794899914634	0.0796408804595707	2.198522989841504	0.0	0.0	0.0	1.7057294618303047	0.0	0.002219052037996262	0.0	0.0	0.011963698746419452	0.0	0.0	0.0	0.04772851019230858	0.0	0.0	0.0	0.009224567779085428	0.0019460599550108048	0.0	1.826624227314948	2.13730215663543	0.0	0.0	2.2054509153978463	0.0	1.3857726430956598	0.0	1.3978176700743326	0.0	0.0	0.0	0.0	0.0	1.6456620441911325	1.971154442798052	0.0	0.02560854761581088	0.0	0.0	0.0	0.0	0.0	0.0	1.4503125592172257	0.027311300822506827	0.0	1.9280190548277736	0.013612243815986544	0.0	0.0	0.0	0.0	0.10880890346323016	0.0	0.0178440133521538	2.093729856188195	0.0	0.05452984019385768	0.0	1.3404160557529747	1.6558159221622155	0.027498935524594384	0.2522510859089139	0.0	0.0	0.09203834430050836	0.0	1.4305610545120775	1.509774186976516	1.7516357198434636	1.7967012708659476	0.0	1.6647468654822122	0.0	1.5990379497149667	0.0	0.0	0.0	1.867903006759228	0.04604957223082727	2.1267244791312683	0.0	0.02440959891692297	0.3820557415188292	0.0	0.0	0.034937945558134474	1.6729351482303876	2.0634905614885906	1.9626600523368551	2.0042055719229475	0.0	0.05464996769301096	1.8065411288607665	2.155742227015156	0.0	0.0	0.0	2.553722832789967	1.8558856229352216	1.8478616564877328	0.0	0.0	0.0	0.0	1.881922884474556	1.7196621999294173	2.098030559118925	1.5024154721709695	0.0	0.0	1.8220648854003545	0.00806981349465935	1.6385626132597075	0.0	0.0	1.617827017898504	0.0	0.0	0.0016142514960612653	0.014279414925926347	0.0	1.6120830278083076	0.0	1.6373713636251468	0.0	0.0	1.607694083294349	0.0	0.0	0.07554801356657924	0.0	0.0	0.0	0.0	1.6589747400141333	0.011308539363311677	1.527374467720832	0.0	0.001	0.004782369164504875	0.0043180830845465324	0.004219189589456903	0.0	1.9664960138930048	0.0	0.014358903615286397	0.0	0.0	0.0409189573999401	2.1263225859917356	0.0	0.3972166814916361	0.5458819665939771	0.0	1.919364263302708	0.0	0.017383688044825738	0.006071979421539165	0.0	1.4672519834486115	0.0	1.6683054213038742	1.7263554352375512	0.0	0.0	0.0	0.002870322174390117	1.3803841449674374	0.0	0.0	0.0	1.7124035444751315	0.0
g18	0.0026271476313604524	0.0	2.1415716603876107	2.227635526743221	0.007141141701509648	0.0	1.5393047118288137	0.0	0.0	1.7865226620128587	1.9396683152141443	0.0	0.0	0.17368255323870896	2.093617618372127	0.0	0.003582504336146217	0.0	0.008900221563610453	1.5777843394492297	0.004426582494158736	0.0	1.7155772130869875	0.0	0.0	1.4098605712096073	0.023059577035183614	0.0	1.8492552129343849	0.0075507422998335	0.0	0.00586278646263765	0.0010980925014822294	1.5437668469194965	0.0	0.0	0.003175229188460886	0.0	0.06981096525206687	0.003627270120578501	0.0	0.002941939280612885	0.0	0.0	0.0	0.13076993578857027	0.0	0.0335461000317476	0.0	0.0	0.0	0.0	0.013401017620113032	0.11412109586721095	1.802854798713252	1.5047824101926708	0.041269546964690935	0.011960538887608944	1.6989745042956341	2.1057775566225576	0.0	0.0	0.0	1.8158957289689919	1.5405704223336325	0.0032626554570515604	0.0	0.0	0.0	0.0	2.093152707633847	1.4239594273123102	0.0	0.016632822183470584	0.0	0.0	0.02813186118415513	0.004173750015136668	0.0	0.01147901452994222	0.0	0.022432804721535426	1.11475128920487	1.779777824459064	0.0	0.0017303432096959302	0.0	1.1423979837328708	0.0	0.0	2.140393745827517	0.0	2.3939615394366043	0.0	0.005355848454643897	0.0	1.4786928750392037	0.005637035094957413	0.0	1.9750651283144127	1.8366717825057588	2.1068920701369707	0.0	1.8051136098510188	0.0	0.0	0.019095090043459176	2.1924253722307427	0.0	1.5847794340112549	0.4103620741440102	1.6508959305313275	1.5914391986828835	1.3607993812368542	0.003287570735352512	0.0	0.0	0.0	0.0	0.0	2.004730806998192	0.0	1.9005983290382231	2.170172683915346	0.0	1.873922910452983	0.0	0.0	0.0033602343108921147	1.7951644836751175	0.0	0.0	0.0	0.0	0.0175051963243065	0.0	0.0	1.6791166767756025	0.03256467048091318	2.0094436761712955	0.0	0.006417731684639735	0.0	0.0	0.0	1.4675259032659804	1.840732524160392	0.0	0.0	1.6242347837204758	0.0054148858860468855	1.3757342871804408	0.0003690140860383956	1.5850959635342396	0.0	0.0	0.0	0.0	0.026385228802959	1.3617196990503646	0.0	0.036161102192220594	0.0	0.009095168535294077	0.0	0.0	0.0	0.007320582934741081	0.02020752870318797	0.0	0.0	0.0	1.7589963450513324	0.0	0.0208986051770095	0.0	0.0	0.0	0.0	0.0	0.0	1.6414403308759518	0.0	0.009238266133238544	0.002332350799068704	1.8192965853102567	1.8534850301961383	0.0006028758897244058	0.0	0.0	0.08288389480929809	0.0	0.0	1.11707845286106	2.076542771924476	1.6556499017400603	2.109202324934246	0.0	1.7034852841573125	0.00025980084184950723	1.577754063099685	0.0	0.012358742314998823	0.0	1.7659650569390797	0.0	1.9233217269468919	1.5749286047323503	0.0	0.0	0.0	1.6202235147507702	0.0	1.3265991093102132	2.1160322272180383	1.7516135700263216	1.8224522496776432	0.009481558917600464	0.0	1.3385119380204515	1.7501194278132612	0.007564311250724186	1.359451243736086	0.011357061464469085	1.7106317633024046	1.8966108490389784	1.5136141046038545	0.0	2.154052616423783	0.0	1.3448657467413012	2.118445822069559	2.01155372250264	2.0879467911060257	2.036717587446184	0.002855583040689491	0.0013688981707850106	1.5094780304741724	0.0	2.0719355951378944	0.0	0.0	1.5960808219498297	0.0	0.06725391367454696	0.0	0.0	0.0	1.6405155351673233	0.0	2.0042487507760507	0.016404295580032542	0.0	1.6545405249200624	0.0	0.0	0.0	0.0	0.0	0.0	0.0	2.2310420372459947	0.0	1.8695577930819431	0.1009033780355553	0.0	0.0	0.022786041174715138	0.0	0.0	1.741251663640618	0.003113212292953833	0.0040548319415281715	0.0	0.035445530383776465	0.0	1.9488103813916704	0.0	0.0	1.7472711851587868	0.0	2.349249906029998	0.0	0.02596875742732569	0.0	0.013034853712518866	0.8172646474427596	0.0	1.5637618710686965	1.5155034513985837	0.0	0.0	0.0	0.00029119432970351264	1.6810999927019552	0.0	0.0	0.010103846111920256	1.646112818554565	0.0
g19	0.0	2.802934640554988	2.1162060035366927	2.36811571369298	0.0	2.4923543729261066	0.0	0.0	0.0	2.359292198905829	0.0	0.0	0.0	2.9415626685022467	2.408827562264093	2.2912042917446347	2.0918586536734027	0.0	0.0	2.0381043381345907	2.3145058589708585	0.0	2.348595180252101	2.505208434462428	0.0	0.0	3.034133834376186	0.0	0.0	0.0	2.522285337959746	0.0	2.6881468186388267	2.0080755240908803	2.516356769946257	0.0	1.869804703914516	0.005334560559243886	0.0	0.11354915339280748	0.0	0.0	0.0	0.0	0.21990246226804	0.0	2.2630287060692877	0.0	2.405559986793684	0.0	0.0	0.12853161417511882	0.0	2.6755565384031432	0.0	2.362975422642968	0.0	3.0516037248156063	0.0	3.001318894008492	0.0	2.523808474925859	0.0	2.4502842220259398	0.0	0.0	2.6554392868322494	0.0	1.8791094395717016	2.1612300892392384	0.0	2.349679508099081	2.509451015352196	2.6237715232131555	0.0	0.0	0.0	0.04791935201687672	0.7252219333813751	0.013233396658107159	1.4945819224000203	2.2233627011877366	2.360872027559642	2.7125291717309303	1.684647801191862	0.0	2.3143498936111166	3.1211624727635643	0.0	2.28283974876305	2.4226844322728	2.391091459044515	3.4525888720076208	0.0	2.167161239264946	0.0	0.0	2.783047664949373	2.527969248365249	0.0	0.0	0.0	0.0	2.6254119302720684	0.0	2.7130273114268366	2.664504406050882	0.0	0.11803330778652756	2.579213563184359	2.504003461236082	2.3414484813337606	0.0	0.0	0.0	2.1854819736572835	0.0	3.094934474668708	0.0	0.0	0.0	0.0	2.5855682978761427	2.0178955980521125	0.0	2.5704900997575937	2.797493885721712	2.686792612316783	0.0354828236486118	0.0	2.680996267560288	0.0	2.6995151329419382	0.0	0.0	2.36067944039794	2.5893586660705115	2.5425074759608544	0.0	0.0	0.0	2.3858120112089	0.0	0.021240476050055333	0.0	2.509546446970484	2.2428599296530853	0.0	2.6635389585272278	0.0	2.418714973847394	2.4414809568213136	0.0	0.0	0.0	0.0	2.166980728951817	0.0	0.0	0.0	0.0	2.5439020550326124	0.0	0.0	2.6582824055385217	0.0444057193031167	0.0	0.0	0.026533569794280613	0.0	0.0	0.0	0.0	2.50863951478333	0.0	0.0	2.5543288274000124	0.0	0.0	0.0	0.0	3.2667624521610343	0.0	0.0	0.0	0.0	1.675531798399268	2.824482821785649	2.5820947370684992	2.376203141010163	0.009311814314576677	0.0	0.0	0.0	3.0544608441986933	0.0	2.280179325229586	0.012445108721735362	2.3698006565361966	0.0	0.0	0.0	0.0	0.0	0.0	0.0	2.656521927227332	2.5046556116872924	0.0	2.035292604274672	0.0	0.0	0.0	2.4767279415186376	2.1215586231766723	2.4421451702855306	2.945233565912566	0.0	2.676278130169824	1.9059531639252187	2.3616672309622806	0.0	2.573113153452478	2.6635398988604244	0.0	2.5653555946902338	3.1023896125693238	0.0	0.0	0.0	0.0	2.080578546760364	2.8564595137329105	2.5291969269805956	2.785968208400424	2.6845689704901075	0.0	3.0025282917667586	0.0	0.0	0.0	0.004236205221678096	2.651869168174408	0.0	0.0	0.0	0.0	0.3939790311264305	2.37689634026872	0.0	2.660900269918071	2.9783334516507334	0.0	0.0	0.0	0.0	0.0	0.0	0.0	2.720734284601797	0.0	2.6230685094880952	0.0	0.0	0.026040716980479998	1.4871489771851865	0.0	2.0501690524645766	0.0	2.242200268772596	2.964322728311384	0.0	2.404835347362289	0.0	0.0	2.022368053733937	1.8073031162342208	0.02240248271499569	2.7706225710817773	2.6885928846935907	2.7181052700409465	2.2846989296589864	0.0	0.0	0.0	0.0	0.0	0.00610309594058602	0.0	0.0	0.0	0.0	0.002622062118108477	0.0	0.0	0.0	0.012108544542086793	2.6465624002892922	0.0	0.00608490265740513
g2	2.2037964491557784	0.0	0.0	0.0	1.7623187756886547	0.0	0.0	2.697006897803372	0.0	0.0005890670687314541	0.0	0.0	1.3487887706822177	0.02176814356732493	0.0	0.010608790930694157	0.0	0.0	0.8871983686198013	0.0	0.005283654513997389	2.275498433257142	0.006323079400211713	0.0	0.8371972950305139	0.0	0.0	1.7411492166646214	0.0	1.6542260896574184	0.0	1.5127012100470358	0.0	0.00142335674000768	0.0	0.0	0.0	0.018689698065239832	1.938351596438396	0.0	1.6355983769236049	0.0	1.6385130815773925	1.0013283255616552	2.079482367324601	0.7522822831395777	1.7478901888446162e-05	1.5009994667704845	0.0	0.0	1.9273374837189083	1.4421139884931835	0.31658871538259825	0.0	0.06131343934293231	0.0	1.6398775628802496	0.0	0.0	0.0	1.4215887383967534	0.0	0.0036810336408387647	0.0	0.003729124703551893	1.6078582029796702	0.0022766968988128106	0.6251058047680431	0.0008596828857029272	0.0	0.04968187058663285	0.0	0.0	0.0	0.5397957566251183	0.0	1.2916544697318535	0.0	0.8987275953315115	1.4050101908020338	0.0	0.05833053674547677	0.01961897755368249	0.011750759254546569	0.0	0.6344101542736305	0.0	0.0	0.0	0.02039211351966303	0.0	0.0	0.014397157969326146	1.4666661561179732	0.06463021783532218	1.3055785537485458	0.0	0.0	0.0	0.0	0.0	0.026625383292950854	0.0	0.0	2.0525652323898917	0.03146862075701681	0.0	0.0	0.8697722738469363	0.0	0.0	0.00011982781671717424	0.0	0.006849288457232005	0.0	0.0	0.7733648508548676	0.05140442645408743	0.0	0.9052551763079628	0.034686327378509296	0.0880109700389145	0.0	0.0	1.9922465166546133	0.0	0.02109776394976795	0.0	0.6726090906685459	0.0021175169457576808	0.0	0.0	0.0	0.054277616702525566	1.7733671113492466	0.0	0.0	0.0	1.2426789213935376	0.0	2.5336492971018822	0.0	0.0	0.6729862139551983	1.8022098310640384	0.0	0.0	0.8278146613142923	0.0	0.0	0.0	0.05513882712543063	0.003002514687169336	0.0	2.092325178219696	0.0	0.0	1.9690873058214764	1.5049503160937547	0.0012352345533688035	0.0	0.05342955639246797	1.0608394542929742	0.0	0.0	1.761340137493805	0.0	1.9592359963883998	1.471123493682282	0.0	1.5857905019838572	0.9427890545465188	0.0	0.005456910691440452	2.006917845366634	0.0	0.0	0.0	0.0	1.7672859442248168	0.7650195353866879	0.014914907012160103	0.0	0.5247013654321648	1.7984061228203334	0.0	0.0	0.01735678522235448	0.0	8.070263952792258e-05	1.58472699884354	0.0022079849756692187	0.0002493616980709353	0.0	0.0	0.0051360883730039286	0.0	1.8238095419187577	0.0	0.0	0.0	0.0	0.0	0.7335371718867143	0.0	1.1974230204849141	0.0	0.0	1.2683420163779404	0.0	2.101569226439344	0.0	1.857897226785096	0.0	0.012469855173471132	0.0	0.0038088773063623227	0.0	0.0	0.0	0.0	1.5644899293879244	0.0	0.030082443483552337	0.014363289565864187	0.0	0.008812148918976598	2.0744895657951687	0.0	1.953194498173172	0.0	0.01101927938133803	0.008043638425508256	0.0	0.005621017500911562	0.0	0.039291150008173424	0.0	0.7977641044954152	0.0007748547691109225	0.0	0.6872999685838913	0.0	0.07485737117149663	1.91658635692359	2.089866548365224	2.6330810193106218	0.011884071504304766	0.13548780012762066	0.0	0.0	0.043044250090437115	2.065573590485512	0.00919495186423026	1.9079041180603928	1.8028416168294248	1.814147176153694	0.0	0.14978276972012414	0.018094070613856414	0.0	0.009739367491747059	0.8307442701838023	0.0	2.3849477821558915	0.0	0.0	0.0	0.0	0.00540513478421605	0.0	2.0265551033481355	0.0	1.1103703123517323	1.9303222139139395	0.0	0.006161045207615909	1.6779300027259718	0.007888638895073331	0.0	0.0	0.009311355564052971	1.606419883869133	1.9142355045236243	1.2025378446979855	0.1901852618662624	0.0	0.0	0.0	0.0	0.0	0.013768195995186095	1.5034595589139017	0.0	0.006513142585243032	0.30846655646423193	2.2968840180332597	0.0	0.0	2.0222887169972714
g20	0.009317298144131372	0.0	2.06256335786414	2.4115837638086006	0.010036580210198846	0.01266212258275605	2.0157767125290884	0.0	0.0	1.7540320176529232	2.4379282234706405	0.0	0.0	1.7625966546349137	2.281443622012654	0.0	0.01377958089765499	0.013941394885124957	0.0	0.0	0.01648139981468	0.0	2.9812878445441764	0.0	0.0	1.6963587850387245	0.0	0.0	1.6599541223878398	0.004486888069191396	0.0	0.0	0.0	0.0	1.9614660968268007	0.007560293641955255	0.0	0.012553193002180971	0.0	0.0	0.0	0.0	0.0	0.0	0.0	0.0	0.0	0.0	0.0	0.0	0.0	0.0	0.0	0.8778231261643283	1.6852345944527696	1.61102542021452	0.0	0.0	2.0372879125413186	2.5438244735189466	0.0	0.0	0.0018606015715303442	2.19363827141334	2.566830773295166	0.0	0.0	0.0	0.0	0.0	1.9126297318186407	2.2685209799185517	0.0	0.06113432559038837	0.0	0.0	0.0	0.07746119065994159	0.0	0.0	0.0	0.0	2.0962995569906084	1.1582542548207326	1.9334292981503391	0.0	0.0	2.1331857177095546	0.0	0.0	2.272116696526416	0.0	2.572999488753944	0.0	0.0	0.0	0.0	0.0	0.0	1.7620571589585476	2.2980016564255243	2.1672338359829784	0.0	2.152582007982564	0.0	2.43814478264958	0.0	1.8988540424206803	0.0	1.7647968299122518	1.6373362763546768	1.9096624034619163	1.6967180113656668	0.7805199576620072	0.0	0.0	0.018470279230848333	0.0701684915094848	0.0	0.10401012531486206	2.2443219586281917	0.019093397339489056	1.7757325444814294	1.8565248158484773	0.0	1.7550578519747566	0.0	0.0	0.08110047556268075	2.0171794483126733	0.0	0.0	0.0	0.0	0.0	0.0	0.009723788491076952	0.0	0.0	2.096023877535876	0.015234496950680132	0.0	0.0	0.05033933941396994	0.0	1.8709626531996533	1.7728381208318582	0.01585514693992709	0.26500807255025344	1.6513258851994508	0.0	2.231681078271554	0.0	2.1582465429167152	0.07332211122722898	0.002452985937189175	0.0	0.0	0.0	1.7806789338851663	0.0	0.015030421633988529	0.055240127869733466	0.0	0.007440944933352286	0.0	0.0	0.0	0.0	1.8497137251926168	0.0	0.0	1.8073256981712809	0.07446157563924458	0.0	1.972908831699775	0.0	0.0	0.0	0.0	0.010317969068667244	0.0	0.0	0.0	0.0	2.0602898497909297	1.808332357901696	0.0028544448831429987	0.0	0.0	0.0	0.00442256657332105	0.0	1.6702444255757336	1.7342655673467615	2.3098630681772736	2.0859566415104367	0.0	1.8215669883428405	0.0	2.5913093923021795	0.0	0.0	0.02580261973654997	0.0	0.0	1.8064511920513155	2.201495103604313	0.0	0.0	0.002158764665665977	1.5778016854628916	0.0028977277537736426	1.7218583993706165	2.0899981593112806	1.9992313976393952	1.8063660516346096	0.02101098133860893	0.0	2.2753889425177647	2.521255771179752	0.08733053996491888	1.867267621572412	0.01948317116291713	1.6427832002608738	2.0398050756826582	1.8205568900926248	0.0	1.6860706119718485	0.0	0.0	1.7556866622989855	1.9294205376044216	1.878494526761815	2.6991050935051013	0.0007854778212378155	0.0	2.069606396595568	0.047358986938895065	1.8683606540701467	0.0488966605965204	0.0	1.8584948998414519	0.0	0.003033629695661556	0.0	0.0	0.0	2.1376920550818004	0.0	2.5283463440646416	0.0	0.014497900320984256	1.7856921476837841	0.0	0.02905718916659669	0.0	0.0	0.0	0.0	0.0	0.0	0.007234094314401683	1.7475889703578609	0.0	0.0	0.0	0.011142539397023091	0.0656186996094531	0.0	2.123567082555726	0.016387847318390304	0.0	0.04192567460415651	0.0	0.0	1.9215723631681456	0.0	0.0	0.6467562510871977	0.02299734060351576	2.543945213095879	0.0	0.0	0.0	0.0	2.642822461411817	0.027479378704210626	1.9184892406413367	2.7421827578506566	0.0	0.0	0.001878520153441127	0.0	1.5899843790086745	0.0	0.0	0.0	2.0807243801991966	0.0022323199693328644
g21	0.0	0.0	2.371569439291921	2.3347416554538127	0.0	0.0	1.5834804811300889	0.0047981653979715716	0.0	2.1559560305520424	2.2990961725669883	0.0	0.0	2.7919030954561506	0.0	0.0	0.0	0.036214329519038566	0.0	0.0	0.02575553983398748	0.0	0.0	0.0	0.01593857581968887	1.9287582430722503	0.0	0.0	2.2808033873685223	0.0038737997638411186	0.0713735375275682	0.03453399959985028	2.4850234789028467	2.2467610031227427	2.2258287198424123	0.0	2.398900877394706	0.0011603581700918727	0.0	0.0	0.0	0.0	0.0	0.0	0.0	0.005381146918194827	1.7882399756347758	0.0	0.0	0.0	0.006157116367247722	0.002750778634411977	0.0	2.4341578172772453	2.3062136122491537	1.5820136858347489	0.0	0.0	0.0	1.9508761353405009	0.0	0.0	0.0	2.1439577159985816	2.5301377808073267	0.0	0.0	0.06367848497961102	0.0008741311436833454	2.421195813686294	2.0801521862977106	0.0	0.0	2.173860331491538	0.0	2.1629385085655275	0.0	0.0	0.0	0.07107771273008975	0.0	0.0	2.0873981979301	0.0	2.3761199235583748	0.0	0.0	2.436790388328385	0.01143634350116365	0.006381091045666593	2.7406068230049594	0.0	2.154167587447106	0.0	0.0	0.0	2.309670220957786	0.0	0.0	2.2653407798677363	2.1902616473782066	2.2829435310908224	2.6300826231571346	2.33728449191437	0.025464569274721318	2.7109536722407794	2.7391889495632245	2.163712581671738	0.0	0.0	0.0	1.7214192648028197	3.2010705665590544	1.863244351441658	0.0	0.0	0.0	2.083024289944257	0.0	0.16412711421467902	0.0	2.3643092818568867	2.706001210983517	0.0	0.0	2.1758810584006607	0.0	0.0	0.1292282961105931	0.0	0.0	0.0	0.0	2.0721838794977434	0.031130738466461763	2.600505725357822	0.0	2.13376241229058	0.006658624170993853	2.8784775257452013	0.0	2.6104449358731316	0.0	0.0	0.0	2.184339300169503	2.5561992651907195	0.0	2.445473242493628	2.0558822308607	0.0	2.57301794199596	0.0	1.7361561553981042	0.0	2.5111010411968264	0.0	0.0	0.0	2.1381583877754933	2.0511186895941456	2.8409316852235773	0.007173218355209731	2.0361274929778137	0.0	0.0	0.0	0.0	0.0019705680024451663	2.4510446641549546	0.0	0.0	0.0	2.09905107835536	0.0	2.2066005461059603	0.0	2.0603097835323223	0.0	0.01080366135194791	0.0	0.0	1.944501769785632	0.0	0.0	2.590618656713434	2.2821937084462363	0.0	2.3824764163292973	0.0	0.0	0.0	7.546138238471279e-05	2.6363966389705475	2.7404424580851745	0.0	2.3704426107278294	0.003959971700500443	1.6033877750312244	0.0	2.548863634871801	0.0	0.0	0.0	2.5910387692119565	0.00227225704411557	2.3742340041672696	2.1930946323426235	0.012959729845813374	2.350674102890434	0.003475464304712531	2.225102259262663	0.0	2.1015884742928823	0.0	1.685722217877881	2.568480951306671	0.0	0.0	2.1166122510711105	2.163834122042883	0.013551867256681591	1.7135603076003991	1.4090649282918992	0.0	0.0	0.0	0.0	0.0	0.03451933343271542	0.0	2.3162916640728866	2.575697060405212	0.0	0.0	0.0	0.0	1.740216679876433	0.02572446012273698	2.1144385598555733	2.5725752760708924	0.0	0.0	0.0	0.0	0.0	0.0	0.0	1.97811048158788	0.0112906685633099	2.274845987169334	0.008236933608424042	0.0	2.438590633817473	0.033853343231741495	0.004247883703840817	0.0	0.0	0.05476447161466454	2.148203966939964	0.016624631863403492	2.2835951969219845	0.0	2.3378984995881225	0.0	0.0012617586821697467	0.0	0.14076468607678744	0.0	0.0	2.6238410224736373	0.0	1.8943213201822051	0.04548818365929122	0.0	0.0	0.0	0.0	2.294541654741686	1.886031456703929	2.2753517405162262	2.0820112581177312	0.0	0.01101790484132344	0.0	0.006904202882522694	2.8674892764113773	0.0	2.250620554226608	1.861659244639792	2.297104062212676	0.0	0.011689341766664387	1.4300833685222183	3.0105655191084355	0.0	0.0	0.0	2.264715434144976	0.0
g22	0.0	0.0	2.009173912951626	1.973161607990676	0.0	0.0	2.154130767390392	0.0	0.0	2.9513519811563573	1.6934248244358638	0.0	0.0	2.8046762712408206	2.371440289337567	0.0	0.0	0.0	0.0	1.9539296553998005	0.0	0.0	1.913457495363704	0.0	0.0	1.9697670547726585	0.0	0.0	2.01866540682576	0.015870131736675418	0.0	0.0	0.0	1.9674872204612688	0.0	0.0	0.00033189654240343286	0.0	0.0	0.0	0.0	0.0	0.005474576202980482	0.0	0.0045744498900466045	0.024108377510261386	0.0	0.0005500413424746019	0.0	0.0	0.0	0.0	0.0	1.923836325332968	1.7485880336821609	2.266725637170422	0.0	0.07585296697359338	2.1774203551659923	1.8732009053662644	0.0	1.920679490998084	0.0	2.6373045376190274	1.599386824017299	0.006509724451606528	0.0	0.0	0.0	0.0	1.997170677679486	1.931080400365066	0.008610124494178126	0.0	0.0	0.0	0.0	0.025554524361204728	0.01014665697665977	0.07607079261501587	0.0	0.0	1.9958598636464893	1.7312200649081548	1.5490681422088874	0.005946494915528365	2.132325342274806	1.8157063972783487	0.0	0.0	1.987789089685521	0.025443785904816642	2.0487080669403785	0.0	0.011389476973174604	0.007314305586893017	0.0	0.0	0.006627453416935684	1.7741162172219769	1.9363179392020449	2.3793339414588086	0.0	2.16897426838988	0.0	1.9272734770336961	1.4536725592988244	1.6746248828710597	0.004584599206855597	1.7313177986224275	2.0826110798627027	2.165716943602184	2.276470344911893	0.0	0.005040424898713191	0.0	0.0	0.0	0.0	0.0	2.7216467463370018	0.0	1.7018142639145224	1.715093045501729	0.0	1.809511580115996	0.0	0.0	0.008823464175932143	2.2345030265207626	0.0	0.0	0.0	0.0	0.0	0.0	0.0	1.6722381297466542	0.007026532272878442	2.163589180511825	0.0	0.0	0.0	0.0	0.0	2.1129789745634944	2.1831106893805727	0.0014682405301295878	0.0	0.0	0.004495994177252259	1.5726219011766736	0.0	2.4707375460127454	0.0	0.0	0.0	0.0018374795959315005	0.020724591497758942	2.292186426306277	2.159666541099267	0.0	0.0075599304491887065	0.0022235328673710767	0.007108596009468214	0.0	0.0	0.005280678979854562	0.0	1.6811645793840533	0.0	0.00024821034362093597	2.038691905874749	0.0	0.014801565501742697	1.7244823836604657	0.0	0.0	0.0	0.0	0.0021574547545742248	1.995312962668744	0.0	0.0	0.009794688788017284	1.968325744520768	2.296561658280976	0.003971340749423988	0.0	0.0	0.0	0.00585181391245485	0.0	2.238412254127516	2.134775407114769	2.036552220358512	1.974089131522756	0.0	2.5771834445541337	0.00659112290837922	1.6777860087750454	0.0	0.0	0.0	2.121802091434946	0.0	1.5114842880532915	2.266896063791587	0.0	0.0	0.0	2.3322779123282387	0.0	2.1014436880007024	2.821780277834487	0.0	2.031723414428753	0.020261621016183312	0.0	1.8496228995757704	1.857313224810232	0.0	2.044630014908841	0.004007664235815409	2.272862974928669	1.9790246857412341	2.050210292127556	0.0	1.603099547551036	0.0060624959207120676	1.2586278714712753	1.9799534016241187	2.6031703256668366	0.0	0.0	0.0	0.0	2.3328983350336783	0.0	1.9134582531109472	0.1367790375651276	0.0	0.0	0.0010357408673452118	0.020537662869166102	0.0	0.0	0.0	1.7176406201080179	0.0	1.894617111967466	0.0031531274552348137	0.0019446934102110285	2.026806056431572	0.021769796617573976	0.006881274620565971	0.0014825801558729747	0.0	0.006580633603414717	0.0	0.0	2.274083551749214	0.08051733640619907	1.8979050655109184	0.0	0.0	0.0	0.04123423796540002	0.0	0.0	2.5281266462180114	0.0	0.0	0.014501421942542296	0.0	0.006198619081127824	2.1402606741533954	0.0	0.0	0.9172134058661362	0.0	2.273939266729056	0.03829769206717265	0.0	0.0	0.0	2.0603126800940195	0.005745625148575811	1.7764575763479211	1.7307885095277795	0.0	0.0	0.0	0.0	2.0911069362520065	0.0	0.0	0.005195339300747693	2.296765808068691	0.002602278761411311
g23	2.490047717382128	2.1994631874603234	0.0	1.9410763941707747	0.0	0.0	0.0	0.0	0.0	2.6979735818377826	0.0	0.0	0.0	2.47374961179776	0.0	2.281776558481546	2.2571529106656665	2.7520442680931203	2.0332223639566767	0.0	1.9245009062771965	0.0	0.0	2.185218088942817	2.1485346776607983	2.095862983426595	2.2480614269396813	2.0771406482208032	0.0	2.2211402747468703	0.0	0.0	2.168067597716944	0.0	0.0	0.0	2.1868385404716024	0.0	0.0	2.412736151963025	0.0	0.0	0.0	2.125654234176195	1.8302965141521201	0.0	0.0	0.0	0.0	2.045819011511134	0.0	2.876182192127666	0.0	2.3789237695037	2.110944040517297	2.2582411927690917	0.0	0.0	1.7657383402359283	1.6185268594979498	2.10439948629854	0.0	0.0	0.0	2.4096322570596413	0.0	2.255089540693689	0.0	2.073842613798714	2.343123615810216	2.224577755482944	2.2107254173130566	0.0	0.0	2.450896155343378	0.0	0.0	0.0	0.3118113067531968	2.2251457968992723	2.442758624290012	1.4618516064343667	0.0	0.0	2.1108639283355717	0.0	0.0	0.0	1.890635513704456	2.0990149284164588	0.0	0.0	2.181859421486364	2.403780742251054	1.7439190459997274	0.0	2.2684351569716155	2.6345977035198858	1.6442262837375632	0.0	0.0	1.8631633872641664	0.0	2.1713004696899905	0.0	0.0	0.0	0.0	1.7837873875877368	0.0	2.4228018076745066	2.354982509605509	0.0	2.038001914212201	1.5539196436395002	0.0	0.0	0.0	2.2062075283130893	0.0	0.0	0.0	0.0	0.0	0.0	1.975137790666032	1.508164744297351	2.2422342359638185	2.4086149339074794	1.7015343774349971	2.0496584717147	1.8305417855642183	0.0	0.0	0.0	0.0	0.0	2.0686369682011354	1.9357144665917712	2.263849941546777	0.0	0.0	1.536923291029732	1.7915532419308529	0.0	2.207989368371755	0.0	0.0	2.2154529591426337	1.829163817885614	0.0	0.0	2.418281645968754	0.0	0.0	2.7010887402953494	1.3410728225408364	0.0	0.0	0.0	1.951282803651383	1.982196553066767	0.0	0.0	0.0	0.0	2.069627066738389	2.0527773863504244	0.0	1.5083342102685595	2.0619115193142536	0.0	2.2329813555981377	2.1860878841629345	0.6491133423791458	1.7117027014541502	0.0	0.0	1.2311870031411547	0.0	2.275123136338132	0.0	0.0	1.4632267182672924	0.0	0.0	0.0	2.042585582876645	0.0	0.0	0.0	2.242388224969225	2.4398192216074834	1.8501003640756368	0.0	0.0	2.079593757180248	0.0	0.0	0.0	1.9644236170863687	2.172861421754706	0.0	0.0	0.0	2.6122343164740887	1.9004000936908216	2.1856802799411343	1.7520865582554563	0.0	0.0	1.6420609558160055	0.0	0.0	0.0	0.0	2.282901025649749	0.0	1.854889292538762	2.142007555038577	1.1535668439762663	0.0	2.242446706179376	0.0	2.0451435277593486	0.0	0.0	0.0	0.0	2.0604571021972373	0.0	1.3671643947026462	1.7207506242399258	0.0	2.4844430210759008	2.133621461960049	0.0	0.0	0.0	0.0	0.0	2.574285310525038	2.2916750790485976	1.8674513715246297	0.0	0.0	1.6550399212112938	1.4364706079142568	0.0	2.4832322528120687	1.8877348614543608	2.234807045437873	2.0634325410437206	2.1225375929057537	2.0554734532130463	1.649604558383137	0.0	0.0	1.5536429751290441	0.0	0.0	2.296898694542957	0.0	0.0	0.0	0.0	2.0427865474145275	0.0	2.055729146361675	1.2841382824427736	0.0	2.2218436393340766	1.844548512564672	0.0	2.1989512947544183	0.0	2.317188261831232	0.0	1.9621155470879523	1.7107192763274768	1.9883456389801344	1.5967842836710346	0.1959417108560248	0.0	2.5461451596082982	2.0954051799544406	0.0	1.6468263991286711	2.0746769276203856	0.0	1.683616305764445	1.3242732199068028	2.2850882139535984	0.0	0.0	0.0	0.0	0.0	2.354649411576037	0.0
g24	0.0	0.0	0.0	0.0	0.0	2.6150623515654225	1.7389158615912217	2.048283482794484	1.6849916521081316	2.101128858032016	0.0	0.03304242670017661	0.0	0.0	2.0009269848357256	1.872434292325108	0.0	2.178070253784348	2.182469117926539	1.6059864444389933	0.0	0.0	1.9237629715221627	2.283826704237646	0.0	1.9453865339232683	0.0	0.0	0.0	0.0	2.3077319235809144	1.9480481222742168	0.0	1.738781223298464	2.3941523234951227	0.010478229609398973	1.891025176708172	1.8836412151209545	0.0	0.0	0.0	1.4431996702754182	2.3276301178418017	2.151224067101761	1.899746452843128	2.1191103057477823	2.098868063380796	0.0	1.8218254424237408	2.0847717305817395	2.568227982381753	0.0	0.0	0.0	2.5602913558074807	0.0	0.0	0.0	0.0	2.0495525885011205	0.0	0.0	2.0015024470380904	2.176783083455872	0.0	2.6456276108702594	1.632661085683734	1.927094576606392	2.248499736023132	0.0	2.228880681633433	0.0	0.0	0.0	0.0	0.0	0.0	0.0	2.574717343119315	0.0	2.0397512362799395	0.0	0.0	2.163684455960012	0.0	0.0	1.9312725893247868	0.0	0.0	2.1928185375546847	2.1411151746166515	0.0	1.7268197233701166	1.826023307748903	0.0	0.0	2.1956756104131863	2.257890271858832	2.10470473948664	2.1220057526867047	2.150072248390884	1.6565084390235638	2.17400601196822	0.0	0.0	0.0	1.80953400364988	0.0	0.0	0.0	0.0	2.5041870344501937	0.0	2.0823795550259425	2.051184092381069	0.0	0.0	1.6262173198943093	0.0	0.0	1.9285719806946613	0.9830886745382844	2.1647518788075475	2.3130596638792875	2.222086874697057	1.901551266471124	1.7531088476656598	0.0	2.2478015525332213	0.0	2.991377065706432	1.8416551439348527	0.0	2.575664171852866	0.0	2.060031427099071	0.0	2.144132859620595	0.0	1.9940631147715029	0.0	2.1249890016432187	0.9700753458136492	2.2666595205070497	2.0262385136821783	2.15928316311729	2.120995548551356	1.6788172708702858	0.0	2.1514133002188527	1.8901275702748024	2.282379459428543	0.0	2.232844713323514	0.0	0.0	1.77479517675244	1.9616819654317343	0.0	2.5948748928712866	0.0	2.107494965599328	1.6681031173762253	0.0	0.0	2.012198681779944	0.0	2.274200048474805	2.272442647343196	0.0	0.0	1.9412522356520128	1.8745827168879758	0.0	2.2545283967885763	0.0	2.1630126053382988	0.0	0.0	2.196687761412216	2.1103718116951056	1.6802353869320068	1.9118734614410604	2.2291090583651827	2.772312163146464	2.110681916893311	0.0	0.0	0.0	1.879472536917984	0.0	0.0	0.0	2.2936239765385333	0.0	0.0	1.746792614814955	2.5017799163217957	0.0	2.197877249005786	2.091655428608656	0.0	0.0	2.23208771388998	2.5311858787945023	1.9071759173306464	1.6543477189501254	2.136418918594059	0.0	0.0	0.0	0.0	0.0	0.0	0.0	0.0	2.2988496612853546	0.0	2.070554422249701	0.0	1.9848744784141101	0.0	1.8171970542571128	1.8797154959240965	1.86656246555128	1.5186644638773097	0.0	0.0	0.0	2.2176397929545297	0.0	2.3187864401685494	2.6392894221542216	0.0	2.5286047714335544	0.0	2.2035502755867893	0.0	0.0	1.9218856491973453	2.05462554255725	2.13758386214859	0.0	0.0	0.0	0.0	0.0	0.0	1.713058844349559	0.0	1.5863234973362617	0.0	0.0	1.9720116578684777	1.8070163161368125	2.525130339228179	0.0	0.0	1.5551613687143733	2.54104318943688	0.0	0.0	1.2827450006659322	0.0	0.0	0.0	1.769251786698525	2.4471033819005306	0.0	2.059434798163043	0.0	1.5972208954052334	0.0	2.0649710654235496	2.6642283293190667	2.0183429237158186	1.8969555162182723	2.7334325086218136	2.4659715738392096	0.0	2.1360087012218743	1.67122489817648	2.404928895452359	0.0	0.0	0.0	2.329624761942688	2.388904339310668	0.0	2.1961920913592263	0.0	2.2963868107348655	0.0	2.0748692882777107	2.0617690363519467	0.0	2.044043563158532	2.3363290125737044	0.0	1.7070323758097938
g25	2.390261668520101	1.6985510031216071	0.0	0.0	0.0	2.2085525194017346	0.018033067193538112	1.6664794067878024	0.0	0.0	0.04066219362330042	2.1029678225625923	2.564880278523769	2.1975397825993217	0.0	0.0	2.3757182939331214	2.9834829427764724	0.0	0.0	2.6092807460362994	0.0	0.0	0.0	2.3870195948715165	0.0067843294664609605	2.733093050758437	2.029345788399677	0.0	2.360447366990776	2.445850732069587	0.0	1.924059749359736	0.0	0.9944380953776122	2.134143112632584	2.382529492466147	0.0	0.0	2.390259944969692	2.169442303426145	2.4010422931187536	2.187484096467849	0.0	2.496093899050393	1.799736511862993	1.9160322524653184	2.043558988313873	2.349382787165578	2.397918137943861	0.0	2.5886160954525823	2.89458845788081	2.438280457513476	0.04172537604961357	0.0	0.0	0.0	0.0	0.017644037601320408	2.4509866106521856	0.0	0.0	0.0	0.0	2.2385876173520165	2.2421464218506344	0.0	1.4494371054676265	2.4738916118095906	0.0453944042630472	0.0	0.0	2.231201158242906	2.300870849342099	2.3309815062929955	2.2381236271144327	2.3749268119795444	0.0	2.3855519655618607	2.467849216836875	1.8001024028184112	0.0	0.022130864793496092	0.0	2.4162697074072157	2.7321711896231493	0.4457722915842301	2.1998010078021264	0.0	0.008298630364871324	0.0	0.0	2.371770396788549	2.195821905130624	2.3178879921428845	0.0	0.0	0.0	0.0018145258325162675	0.0	0.0	0.0	0.0	2.665677050183429	0.0	2.576584299529268	0.0	2.1472275607809213	0.0	0.0	0.0	0.1886439498079552	0.0	2.2306240523793663	0.0	2.4393884847558467	0.0	0.0	0.0	0.0	0.0	0.0	0.0	0.0	0.012923438821780936	0.0	0.0	0.0	0.004998535179576574	0.0	2.6877006353984063	0.0	2.1369487903649307	2.6468647228781546	2.2180611280057674	2.3094028574363725	0.0	2.257381240723125	0.04813676007002371	0.0	2.463634567517451	0.0	0.0	2.4407903807121287	0.0	0.0	2.4095499487957905	0.0	0.0	0.0	0.0	2.3203698534959303	0.0	0.0	0.0	2.2083278658766563	2.8622181152206023	0.0	0.0	0.0	0.0	2.5470833781673954	2.5528474788071653	0.0	0.0	2.514145698745603	1.8711902518766448	2.080063906529786	0.0	2.5128733303217663	2.282703026892902	0.2071765844325469	2.3428412157041696	2.254523696431705	0.0	2.369072997728184	0.0	2.2792606820132346	0.0	2.633408614058233	0.0	0.0	2.7724255173667283	0.0	0.0	0.0	2.907333283585096	0.0	2.288571282489828	2.375764740622852	2.024574795158921	2.2592052446444795	0.0	0.0	0.0	0.0	1.9087820453469044	0.0	1.8547067329627511	0.6010757272643628	2.405907600653725	2.106698801621369	2.246345885953551	0.0	0.0	0.0059464190927288295	0.0	0.0	0.0	0.0	0.0	0.0	0.025649019803529897	0.3364209822997577	0.0	0.0	0.0	2.2050909314156057	0.0	0.0	0.0	0.5531919229839108	1.929756651817286	0.0	0.046311536569036985	0.0052988172242542965	2.375270431146984	0.0	0.0	0.0	0.03904563083537752	0.05637413406626511	0.04089619194276765	0.0	2.187223187369576	0.0	0.0	2.709696864674247	0.0	1.9681938772642285	0.0	0.0	1.4001568266152238	2.024519346445565	0.0	2.099195985187764	2.0047731987716686	0.0	0.0	0.0	1.6873253958211871	0.0	0.0	2.970891460556416	0.0	2.2130004196868023	2.619135015641965	0.0	2.407574041969786	2.285605413328933	0.0	2.559021526774575	0.0	2.2281253049075533	0.0	0.0	2.2884603624812585	2.304421872270917	2.2524234173781337	0.0	2.581233502021543	0.0	0.0	2.211234480773125	1.8446536694512383	0.020109526548796903	0.0	2.248578959237782	0.3203396983412034	1.7795815186659578	0.0	0.0	2.433240681205016	2.5925391492527723	2.004068165773935	0.0	0.0	0.0	0.0	0.0	1.7950392367511985	3.250100638048569	0.0	0.0	0.0	0.0	0.0	0.0	0.0
g26	0.0	0.0	0.0	0.0030130694051050447	1.8521037794049755	0.0	0.13960336379648355	1.9910345896671524	2.0057121780803318	0.0	0.0	0.0	1.6386504519624665	0.0	0.0	0.0	0.0	0.0	2.1416039890163345	0.010779861637287952	0.0	1.744601908690833	0.0	0.0	2.055932964697328	0.0	0.0	2.6101961309254165	0.01176821762321605	1.9848380224530824	2.021558847135811	0.0	0.0	0.0	0.016597951092364747	1.948533127850641	0.0	2.38396177291956	2.518038558294434	2.2213459633008963	2.4762918134169256	1.8958044060346464	2.1367396073962768	2.3829330379408	0.0	0.0	0.0	2.4971914262090555	0.0	0.031335862405980394	2.133811144581064	2.2394263035165096	2.306336387081158	0.0	0.0	0.0	2.1323633568462657	0.0	0.0	0.0	2.108168200800945	0.2962087157310809	2.1337948410081697	0.0	0.0	2.489608447424792	0.0	2.059147181522504	0.0	0.0	0.0	0.0	2.2334192970808218	0.0	1.7158142398758793	0.0	1.8407509968688256	2.0369998209876625	2.2166253586083786	2.267562371521465	2.0257280776592643	2.1965394264617792	0.015936442646633603	0.0	0.005428912047000605	1.8967056284257773	0.0069946581715674755	0.01892721686830012	0.0	2.521354564408646	0.012188894140669504	1.7773408154630437	0.0022429436105591144	1.9040793546633064	2.3961618363726265	0.0	0.0	2.3233427262223274	0.0	0.0	0.0	0.0	0.0	0.03678169861046352	0.0	0.0	0.0	0.0	2.2783208206634	0.0	0.02538060791546965	0.0	0.0	0.007522037738176186	1.9009368048887536	0.0	2.0092454323389592	0.011431328928998216	2.565601772399696	0.0	0.0	0.0	0.0	0.0	2.1739912852249867	0.0	0.0	2.0198203631152265	0.0	0.0	0.05835340773497572	2.143632116196033	0.0	0.0	2.0868430936058693	0.0	0.0	0.03601288688065998	2.1519723203228573	0.0	0.0	0.03885045544730872	0.0	2.610183736985936	1.9938309742459948	0.0041208798970312896	0.0	0.0	0.0	0.020228124007781026	1.6061837144390183	0.04205217021524675	2.1344449940650825	0.0	0.0	0.0	0.0	2.1249507927541917	1.9651378341164696	0.08344332625803691	0.09809943919804093	0.005150531609157176	1.9977027150432445	0.0	0.0	2.202934412613306	2.0986722679600844	2.3851105209454544	2.445223940189891	0.01218002432582589	0.0	2.4968140008252546	0.006855060361608187	0.0	0.0	0.0	0.006682708539637807	0.04302715788098763	1.8518370334962693	0.0	2.1615030974472327	0.0	0.0	2.205848337863559	0.0	0.0	0.0	2.749317544493901	0.0024088304110188377	0.0	0.0	0.08428070050369586	2.460607954921961	0.0	0.022189132207820164	0.03872890746637488	0.0	2.154781453611478	0.0	0.0	0.0	2.059432116623576	0.0	2.0538587433585334	0.0	2.2041569109251995	0.0	0.0	2.093375442040632	0.0	0.0	0.0	2.2116876482883736	0.0	0.04230851247245203	0.0	0.0	0.0	2.143553967276548	0.0	0.0	2.4622480940092584	0.0	0.8208616480638925	0.0	0.0	0.0	2.210203480266705	0.0	1.9888852819326823	0.007885418279365411	0.0008713554161419448	0.0	0.0	0.0	0.0	1.6900675259226308	0.0	2.9321955530890027	0.0	0.0	1.5513496457702247	0.0	2.1023987629695355	0.0	1.7521647433023175	2.8218820061575443	2.253409290097143	0.0	2.3218378421948107	0.0	2.6931570335292987	2.117828278087931	0.0	2.0438854930497734	2.0796192602562016	2.492997300824606	0.0	2.394644873661236	0.0701034956885108	1.9830814597612985	0.0	2.048213750504342	0.011546110340761057	2.8791508483047332	1.9230587803470611	2.2960481954662484	2.387127931291643	2.29376169257764	0.0	0.0	2.1190120652664257	0.20722523375570867	2.1706430465415805	2.309145558217358	2.078467639910449	0.0	0.0	0.0	0.0	0.0	0.090920544498813	2.1114095849430385	1.522378225525212	2.502812319457336	0.0	0.0	1.94646150134166	0.035490532498448656	0.007039242113229983	0.0	0.0	2.0467390402081818	0.0	0.0	1.810768561718024	2.3892341241674164	2.218453656389714	0.0	2.2282392187120132
g27	0.0	2.300655309755702	0.0	2.6726141241817545	0.0	0.0	0.0	0.0	2.3994994125000315	2.335126960676047	0.0	2.4260596366391614	1.798129708017194	2.0157564773345378	2.454377419917483	2.327078484436684	0.0	2.5179529207283906	0.0	2.3757463593671297	0.9980941419818342	2.446474309653881	0.0	2.0749981291194333	0.0	2.302459346393126	0.0	2.173771731928663	0.0	0.0	0.0	0.0	2.337863805037572	2.626187878362156	2.3776885047803664	0.0	0.0	2.4361790846281632	2.2403566363653504	0.0	2.492855265508233	0.0978472176584976	0.0	3.1879426375508326	0.0	0.0	0.0	0.0	1.4671997442593236	2.2729423280272107	1.8164762821810256	2.3202454903307217	2.3680671707478744	2.5952152586667077	2.113827914281932	2.3947146799947894	2.575764358975047	1.991808482970576	0.0	1.4932364411885255	0.0	0.0	2.152578596664452	2.2983927518224267	0.0	2.832493576270172	3.1511021394474317	0.0	0.0	0.0	0.0	2.4688679143405343	0.0	1.41447361788587	2.6463043645199185	2.237870467309579	2.306234145381828	0.0	0.0	0.0	0.0	0.0	0.0	1.6732439636951868	2.4187264464645417	0.0	2.472188488899232	0.0	2.5987946484955966	2.3666204300093434	0.0	0.0	2.2645002183094496	2.64184251566929	2.371712936287103	1.9058886597120253	2.101051870674706	0.0	0.0	2.4163318266818434	0.0	0.0	1.941557160164349	0.0	0.0	0.0	0.0	2.517773676696914	2.1477654392413235	2.319195398107546	0.0	0.0	0.0	0.0	2.578452556948306	2.5532515710048904	0.0	2.7351005030226148	0.0	0.0	2.2716166921111114	0.0	0.0	2.183427522986672	1.879504159664988	0.0	2.4319729784565927	2.250656030449864	3.0505512086345994	0.0	0.0	2.412787269476063	2.177080915365932	0.0	0.0	0.0	2.612326845229698	0.0	2.375531853395458	0.0	2.4543109765460787	2.542830860431205	0.0	2.7993979475775186	2.3399875573177416	3.103952445111076	1.709986407162329	3.1714026454274498	2.938244890004942	0.0	0.0	2.9953029601452483	0.0	2.3298075552560094	2.245960589059017	0.0	2.6551662470718522	2.081453267480811	2.8125358248124663	0.0	2.5235344376144364	0.0	0.0	2.1998779336658787	2.133199373822833	0.0	2.3124790934521853	0.0	2.386562818853024	0.0	0.0	1.741122886873585	0.0	0.0	1.9039125810418909	0.0	2.5615807467425658	0.0	0.6707398928345998	0.0	0.0	2.791559093742792	0.0	0.0	2.457808507983195	2.610984618681821	0.0	2.2879973715278417	0.0	2.8936246842785067	0.0	2.6552006562861687	0.0	1.9039812447190665	0.0	0.0	2.1872328947179827	1.7780749558956344	1.7368336121896015	2.590977768143807	0.0	0.0	0.0	2.6830019006498795	0.0	2.3371523515339527	2.0154607560138	2.586575522389244	0.0	2.5676379362658657	2.3623040053745776	2.365121575019754	2.6287832930630297	0.0	0.0	2.4499685408438387	0.0	0.0	1.9669042282445048	2.7323318998391386	2.5994398898527202	0.0	2.485159807019982	2.0943893546459367	0.0	2.357452085444734	0.0	0.0	2.5042553276614203	0.0	2.2538410734792182	1.917234021238832	2.349281246583668	1.9136380008501088	0.0	2.2040673315662005	0.0	0.0	0.0	0.0	2.0014738657891664	0.0	2.690821105739684	0.0	2.235856070086768	0.0	0.0	2.437083854752019	2.416776297607833	0.0	1.6808293077698453	1.6273164143593908	2.4275997775715794	2.3475968757078163	0.0	2.434028268356674	2.617148619119301	1.7597440430025246	2.082889915409872	2.062194949498704	0.0	2.0203444745059045	2.4367677677897404	1.6175112177023752	2.7737973744603988	0.0	0.0	0.0	1.8804544182212448	0.0	0.0	0.0	0.0	0.0	1.8091744012421944	0.0	1.7648144198187712	0.0	0.0	0.0	2.2912930807466747	2.9325929471145904	0.0	0.0	0.0	2.591704875437797	1.8204626864367928	1.976994037386079	2.715261017601585	2.401328316994222	0.0	0.0	2.469512822074267	0.0	0.0	0.0	0.0	0.8862721216820092	2.3675208546596225	2.3214634131627734
g28	1.960768234680444	1.7888466532415468	0.0	0.0	2.676145234919104	2.1081742976980533	0.0	1.5734615841286026	2.4671646540034047	0.0	1.6537343459455531	0.0	0.0	0.0	2.324037528186881	2.018198975714839	0.0	0.0	0.0	2.092399575232089	2.3832259252355	2.1199967603658942	1.8641205673622567	0.0	0.0	0.0	0.0	0.0	2.42185624644088	0.0	0.0	2.128800608337034	2.6523277690869573	0.0	0.0	0.0007488750601749391	2.1252711325633893	1.3482484347333246	0.0	0.6619465456022969	2.1235322843711923	0.0	0.0	2.044963440826421	0.0	0.0	2.1314091958663317	2.2573387456968845	0.0	2.1561931812878403	0.0	0.0	3.0336027773945644	2.0066626685494025	2.213022935615139	0.0	2.112418814512637	0.0	0.0	1.9143768599789768	2.5336099809031047	1.8250482034492432	2.151041945996888	2.2270179112463997	0.0	0.0	0.0	2.391266899845645	0.0	0.0	0.0	0.0	0.0	0.0	2.2511164531788967	2.085610715311159	0.0	0.0	0.0	0.0	0.0	0.0	0.0	1.808924986643046	0.0	0.0	0.0	0.0	0.0	0.0	2.1422626933613818	2.281546513493637	2.5960891052075783	0.0	1.5030429542591626	1.5345715827082074	2.150024764902351	2.0446879950563406	0.0	0.0	2.176342887635873	0.0	0.0	0.0	0.0	2.3734006952690447	0.0	0.0	2.262163461550619	0.0	0.0	0.0	0.0	0.0	0.0	1.89990571271752	2.115345808023759	0.0	0.0	2.309311555333561	2.117578258018266	0.0	2.1386287721228356	2.200233203699604	2.2340658255303034	2.45027501944095	1.914371733217512	2.193015262043661	2.1125260505966845	2.1382137616832373	2.105059195124125	0.0	2.319079021009742	2.085548432761138	0.0	2.5471588953675983	0.0	0.0	0.0	2.4172302742809246	1.740167934457557	2.1778995254084568	0.0	0.0	0.0	1.7374773566510446	1.6458867274321434	0.0	2.315699876257611	0.0	1.4494448350988671	1.5383364228614738	0.0	0.0	2.3478213538826544	1.8671729539327824	0.0	0.0	0.0	1.7701038648440042	0.006805523267056797	1.9328859937650291	1.929106329588948	0.0	0.0	2.307116242383506	0.0	1.5471319259148528	1.5522337003596232	0.0	0.0	2.3196049213633985	1.6011898754154343	0.0	0.0	1.949405758797904	2.274657172310185	0.0	2.1691460487561818	2.5110827486167757	0.0	1.8256357302649768	0.0	2.1986242936616405	2.1157527372956384	0.0	0.0	1.8287916290933648	0.9451264313391284	1.6416825717624235	1.86650174424802	1.6865606868334324	1.5147026452959385	2.785154044293483	1.8613660110022048	1.8599218468507481	0.0	0.0	2.024669185178086	0.0	2.542663826006609	0.9537588828875568	2.2431135996548446	1.772689245427211	1.6081375054300182	0.0	0.0	0.0	1.8173250167474104	0.0	2.2026197923450006	2.6338990340148567	0.0	0.0	2.5512769581930463	2.2715375664074067	0.0	0.5135443695945161	2.1944709085123457	2.2510772206572414	2.1168034427255966	0.0	0.0	2.0383530166575548	2.0602771584536868	1.8198709926594696	2.172740276426276	0.0	1.4841946976073954	2.0967427961399188	2.4155722743101093	0.0	0.0	0.0	0.0	1.5035878842998325	0.0	0.0	2.4217266976581477	2.3049580944470778	2.6606899470648258	0.0	0.0	2.4390069016336335	0.0	2.3604455156020103	2.1932089412050058	0.0	2.12408030214521	0.0	0.0	2.1396563044961865	0.0	0.0	1.939954128496864	1.6437814784249156	0.0	0.0	2.0974322035188524	0.0	0.0	2.5032535237088127	0.0	0.0	2.2684095933512056	0.0005732690776699416	0.0	1.7665960517821149	0.0	0.0	2.228850528482791	0.0	1.9063871944276891	2.2474905968732464	0.0	2.3589777465768123	0.0	1.7639587842167233	2.3653356111672856	1.803503535749728	0.0	1.77748992172092	0.0	0.0	0.0	2.113313000086441	2.100400181386106	0.0	0.0	0.0	0.0	2.4640701664363034	2.7286802988758243	0.0	0.0	1.6807331034206796	2.123227124658624	1.2701521951374568	1.6028152351329767	2.295348953901106
g29	0.0	2.4058997606360872	0.3465773718305633	0.0	0.0	1.7306447904591946	0.0	0.0	2.7250558243677987	0.0	0.0	2.209261410672769	1.923494196960388	2.351605360934232	0.013350424614752316	0.0	0.0	0.0	2.487782125765377	0.0039497560740307395	2.3077695524188253	2.4982029177321707	0.0	0.0	2.4968175914990014	0.05442858027926588	2.535333654815588	2.284381109165643	0.0	3.0464979191204766	0.0	2.243236608679814	2.5535864365467447	0.14790846631639934	1.1105541568912465	2.5639247573605566	2.3616579090433882	2.7123730483934305	2.9931043702601112	2.6495111306335764	1.7605963658789519	0.0	2.376944840000713	2.897323344406713	2.4392854593776057	0.0	0.0	2.3701728958253336	0.0	2.382370198585507	0.0	2.250378919087587	2.452495748357817	1.8370489611476448	0.0	0.0	2.201334675829372	2.763088436893593	0.0	0.0	2.2944249299288515	0.0	2.29659465732501	0.0	0.0	2.5257748007941747	2.5142324129867624	2.875536162673852	1.8695129266614752	2.47478607641551	0.0	0.0	0.0	1.9531194406625128	2.791597453509847	0.0	3.4448546133857727	2.2000780248047804	0.0	0.0	2.7867358901768595	0.0	0.0	0.0	0.0	0.0	1.7993613520138487	0.0	2.589770670550935	0.0	0.06540748077237754	2.521124101179223	0.029715368884346886	2.638700559766796	2.8516130479753867	0.0	0.0	0.0	1.7750286903038892	0.07040000984113118	0.0	0.04167044417031825	0.0	0.0	0.0	0.0	2.278670208913877	0.0	2.79488639546749	0.046652354377432786	0.0	0.0	0.0	0.0	2.549884168988408	2.3142055290996097	2.619560897203255	0.0	0.0	2.4375313289923897	0.0	0.0	0.0	0.005352218478716793	2.4522005296012144	0.0	0.0	0.0	2.605285696383161	0.0	2.7850766183157565	2.4481938038311157	2.307853274405296	0.0	2.2002367324303806	2.2828214994116696	2.281539014095002	0.0	0.0	0.3465230555960015	0.0	1.9564049353404325	2.745392573803889	0.0	2.5524527518401188	0.0	0.0	1.9790575857007144	1.2320696275146734	0.4485819935728813	2.3484751493636327	0.0	0.0	0.12468289814333408	0.0	0.0	0.0	2.7572526630040954	0.0	0.0	0.5488762135079396	0.0	2.6247260583024907	0.0	2.141335616604464	0.0	0.0	1.9828338628212416	2.953001277938434	0.0	1.5906368135784912	0.0	0.0	0.0	0.0	0.4304071536560094	2.487760087133795	2.436435465901465	0.0	0.0	0.0	0.0	0.0	2.8631774404094057	2.2051676541477883	0.0	0.0	2.0364185566224884	2.2561403704997693	0.0	2.5821403563119643	1.9078275690016115	0.0	0.0	0.0	0.0	0.0	2.1955561414968776	0.0	0.0	0.0	0.0	0.0	0.0	0.08057563285331919	2.958818465409882	0.0	0.0014615973379263885	2.403936125113749	1.7295572190132638	0.0	0.0	2.411848578284015	0.0	0.02029100416531451	0.0	0.0	0.0	2.3901004981916305	0.0	0.0	0.0	0.0	0.0	0.0	0.0	0.0	2.3789728173846574	0.0	2.2688164016489827	0.0	0.0	0.05727205065840708	0.023106433353311168	0.0	2.1493515262560923	2.7680504979268625	0.0	2.1370126975221457	0.03550449257622397	2.1110876206210327	0.0	0.0	0.0	2.019282174115646	1.73505087207901	0.0	2.027719629597858	0.0	0.0	0.0	2.5596823622242395	2.5127830012572385	0.25175135604116555	1.5594906781644333	0.0	0.0	0.0	2.330784478261404	2.6181065061036746	0.0	0.0	0.0	0.0	0.0	2.185222382368364	2.5251232933999312	1.7592090525301236	0.0	0.0	0.10690948155546788	0.0	2.316865248853848	2.500340881371284	0.0	0.0	0.0	2.1841472674579228	2.430464984114653	0.0	2.462215105690869	0.0	0.0	1.7488092647793845	2.5867246660038083	1.9672249257072087	1.4207248279459006	2.3824526440385387	0.0	0.0	0.0	2.4853999331629506	1.9312649532808743	0.0	0.0	1.8206702411716684	2.440758198965145	0.0	0.4294826289728134	2.124712427708151
g3	1.0733236396750057	0.0	0.05387354576531509	0.0	0.0	0.06829460163515227	0.0	1.4392795337529205	0.0	0.017305620062254997	0.0	0.0	1.498316641860116	0.0	0.016489875393994376	0.007742374127351372	0.0	0.06327939590001698	1.7566538339960236	0.0	0.012488588379457105	1.5998854236916886	0.0	0.02030675857697014	0.0	0.0	0.0	2.326357050393598	0.0	0.0	0.001892652834455089	0.0469789536933414	0.0	0.009867782436546155	0.0	0.0	0.02141148232077383	0.0	0.1796856400833588	0.02424890269368141	0.08943815506560633	0.200653900845276	1.6785064296606222	0.27419266918333685	0.0	0.2729587772737936	0.0	0.01043138313770931	0.05595550757438045	0.0	1.5366501989465844	1.7396837575909556	0.08222956042715923	0.0	0.00011416306169017881	0.0	1.1045518259827318	0.09527817193482588	0.0	0.1446810584767586	2.1768298195194604	0.0	0.0	0.0	0.038075458355494335	1.0172821354904658	0.02562191755611196	0.5855626185616032	0.0	0.011816678473880562	0.0	0.045134784118405095	0.007873245484189589	0.0	0.0	0.0038755230104419993	2.2741781131871246	0.07434670574606278	0.920243127235244	0.0	0.0	0.040847698551184336	0.0	0.0	0.0	0.29294244154532084	0.0	0.0	0.0	0.012150483612049307	0.00124278679507604	0.051356231783187656	0.0	1.7246147317302565	0.0	0.0	0.0	0.0077357151366799735	0.0	0.1645567549276976	0.0	0.0	0.0	0.0	2.083801910651236	0.0	0.0	0.000516970993909318	0.8525741734304677	0.0	0.0	0.0	0.0576831226302641	0.011848361820793518	0.0	0.0	0.0	0.0	0.0	0.0	0.0	0.0	0.0	0.0	1.6490447265610533	0.0	0.01234658116985747	0.003649604442151008	0.02296171053623744	0.010965996423837658	0.0	0.025729905255912185	0.019190167671119272	0.0	1.9121348508583416	0.0	0.0	0.0	0.4145309582405174	0.0	1.458655029473626	0.005893565192381697	0.0	0.016620703724003733	1.5830484076113351	0.06327612485969178	0.0	0.04755254605990877	0.0	0.0	0.0	0.0	0.0	0.0	1.680818669810736	0.06896451086516422	0.0	0.5132754808443968	1.6216838509010134	0.0	0.0	0.0011398501384344748	0.03968381945545373	0.00048723574568923896	0.0	1.4270285899241035	0.0	0.0503322028502726	0.07337001445959354	0.0	1.0530645177166027	0.0	0.04350906620582479	0.014889331424357569	1.8133112825279432	0.0	0.0182564161985176	0.0	0.01537594526568789	0.08948940968131533	0.000312827294424362	0.0	0.0	0.0	1.211534723146108	0.0	0.007632202207037559	0.0	0.0031395446662718647	0.02825099944310527	0.979042013528412	0.0	0.0	0.0010311322095978822	0.0	0.0	0.0	1.6529368647055858	0.0	0.00021286997648636093	0.113767380109951	0.0	0.0	0.0	0.0	0.0492931847703347	0.0	0.0	0.25770388467469096	0.0	1.2226738968285835	0.007223671289492294	1.8958384201732368	0.0	0.0018512394681895602	0.0	0.0	0.007403620785100566	0.009273738618273191	0.0	0.047620822683521837	1.3093253522187145	0.0	0.0	0.0	0.006761401379606751	0.015550358461759218	0.4211119087475387	0.0	0.2308616757088431	0.04252064599310844	0.0	0.014834125961198756	0.05549023920247352	0.0	0.0	0.0	0.08210850894010584	0.0	0.057271677000597675	0.003342655962701311	1.3675096244929368	0.030911700236616605	0.014387448331409413	1.7990613963625481	0.014490572018545396	1.0352340439446028	0.0	0.0	0.0	0.0	0.0	0.0	0.0	0.3114080083261285	1.6633162478035748	0.6743225686923879	0.0	0.0	0.0	0.0	0.0	1.0806779287641124	0.0	1.5201148024870654	0.0	0.0	0.0	0.00837590652816283	0.0	0.040663252569387666	0.5098571962742549	0.0	0.014032090942143777	1.664523706056169	0.0	0.12686666565368487	2.0700557988728887	0.0	0.0	0.026355000284768816	0.015780793699416724	0.932176912109578	1.2822183430550596	0.12427553378898595	0.0	0.008837456668161518	0.0	0.005332086043419561	0.005277586636270126	0.0	0.0	1.9809950932408364	0.0	0.015419140531290162	0.024278763421614905	1.39188357708226	0.0	0.0	1.7564230647122998
g30	1.5312110208612744	0.0	0.0	0.002050365330847336	1.5563582699877867	0.0	0.00028682438817170683	1.493597912644079	0.0	0.00513761200794289	0.0	0.0	1.3115667310958987	0.0	0.003550556117860714	0.0	0.0	0.04190461496098275	0.9880612617348464	0.011452314398866731	0.0	1.8166808914867043	0.04522827866075753	0.0	0.7968789195044362	0.00681127496227225	0.0	2.1991079992111984	0.0	1.8190230153989264	0.0	0.9876734019447281	0.01115719505944079	0.0	0.0	0.0	0.0	0.0	2.025806626223849	0.004712495465686507	1.7827954501371708	1.6161316215976458	1.6112682079751777	1.6524923053747749	1.646008365862467	0.8461379667427449	0.0	1.6802950031286716	0.0	0.0	1.4616173225428468	1.6194551881514263	1.0115726363491842	0.010383457463767384	0.0	0.0	1.8198316229412528	0.0	0.0	0.0	2.08923597399663	0.0	0.0	0.0	0.0	1.5575503747574018	0.0	1.162154132109552	0.0	0.002125080783939237	0.007405607072988994	0.0	0.0	0.0017636694991241602	0.8405890503365612	0.0	1.0861608956108193	0.0	1.728740793823854	1.566540046629745	0.0	0.7142903106383313	0.0	0.0	0.0	0.7203685155286048	0.0	0.0	0.0006499821178602692	0.0037425500812964243	0.0	0.0	0.0	1.5402177179612464	0.0	2.1541548615842605	0.0	0.00555482234232448	0.0	0.0	0.07837042685505846	0.0	0.0	0.003868180230682361	1.6874215565183792	0.0	0.0	0.0	0.9535794548110816	0.03568191593488658	0.0	0.0	0.0	0.0	0.0	0.0	1.069994404355709	0.0	0.0	0.8515301412307503	0.0	0.06250680419652002	0.0	0.0017578910294570784	1.4184556859135355	0.0	0.0	0.21515702610774654	0.6408822633660755	0.0014745111803036294	0.0	0.13738356312751046	0.017438844917873533	0.0	2.042019304612494	0.0	0.0	0.0	2.4940004423160604	0.0	1.7066247069341238	0.007806393434221905	0.0	0.7261018425607286	1.818938194200814	0.0	0.0	0.831192050036063	0.0	0.0	0.0	0.002050872379770208	0.006902997721600485	0.0	1.4616070179493894	0.0	0.0	1.9734202670466336	1.3296459587811145	5.6199402133640804e-06	0.0053429699784892475	0.04898939040533935	1.1392765066072057	0.0	0.0	1.7364228183526838	0.0	2.596826750200332	1.6342212522648552	0.0	1.7695218537400683	1.1460705586867586	0.0	0.0	1.5121984622622326	0.0049106452209300025	0.0	0.0017770541974921914	0.16588024462041606	1.1776185128833279	0.8438162081084438	0.0	0.0	0.8019510298718426	1.7447887307372094	0.012598535200602824	0.006007007286526703	0.0	0.0	0.0	1.1186980737530832	0.0	0.0	0.013814883820592521	0.0	0.01625609487231204	0.0	2.006662120764472	0.021419882394713274	0.0	0.0	0.0	0.0	0.9794060665113552	0.06677513689881574	1.5709952210748648	0.017552779884089362	0.0	1.8364766271034407	0.0	1.5247309701260716	0.0020034516234129084	1.5683351891755353	0.035658365824240285	0.00479719434022424	0.0	0.0	0.0	0.0	0.049064731276752094	0.0	2.0074099055245345	0.029578759996912788	0.0	0.0	0.031096804038467474	0.0	2.0394809883353338	0.0	1.682941532241809	0.0	0.0	0.0	0.002991380251592408	0.0	0.0	0.01617119665811185	0.0	0.6160722195021854	0.0	0.0	1.1894589833317342	0.013941352393260496	0.09480929832835767	1.5077956590794557	1.90887136758618	1.3293411591265143	0.0	0.0003046835437116168	0.0	1.5298448104660415e-05	0.0	1.9185586229478424	0.0	1.5025440384169144	1.5899249956063266	1.3920069382467883	0.017676571411775026	0.4608350431002034	0.0	0.0	0.0	1.5539365242503602	0.0	1.5309472520724992	0.001	0.0	0.0	0.0	0.0059830086538803	0.0	1.896658724044964	0.0	1.0554667122939925	1.5293754261260315	0.38354694890937824	0.007956245082775601	2.7258346282954693	0.006511918883635493	0.0	0.0	0.007534876482174463	1.5019191003398398	1.4147387512931762	1.5485103441312151	0.202047462379094	0.041684691164269184	0.0	0.0	0.0	0.0	0.0	1.3491209187967483	0.0	0.0	0.0	1.9741825734517229	0.0	0.002800124737493336	2.2694010841325603
g31	0.0	2.098970692644577	0.0	0.0	0.0	0.0	1.740855532085706	0.013130584107338807	0.0	1.755792090759025	2.2372809963351883	0.0	0.0	1.8927039204802072	0.0	0.0	0.0	0.0	0.03833878373365611	1.276731489331189	0.0	0.0	1.7014288505658566	0.0	0.0	0.0	0.0	0.0	2.138029751966321	0.005420230843179219	0.0	0.0	1.758617247383596	1.8732621080557303	1.7550333387687131	0.0	0.0	0.0	0.014852566927046585	0.0	0.0	0.0	0.01976303257210955	0.0	0.0	0.0	0.0	0.0	0.0	0.0	0.0	0.04476510001016324	0.021666660272951242	1.6983643671837767	2.3936626637837937	1.6929924985022606	0.004051849527024869	1.7837458330032172	2.0056050185050838	2.4142854976985526	0.0	2.0512691222484687	0.0	1.2990293873430587	0.0	0.0	0.033557542639994505	0.0	0.03872657596829257	0.0	1.985301169750618	1.983367018876146	0.0	0.14151471080724226	0.0	1.6832142948460944	0.00034406680675151376	0.0	0.0	0.0	0.0	0.0	1.9824539988229744	2.115464562246314	2.036717436731009	0.0	1.6668160703097796	1.671916182135686	0.0	0.0	2.031564529225696	0.0	1.6810922959970898	0.0	0.0	0.0	1.7043403323916348	0.0	0.0	1.623692451736792	1.7929814796998893	1.764873582335167	1.7006764289734346	1.7439722545061958	0.004468870874552701	1.6358278182757695	1.8500067356781202	2.4086095697615244	0.0018887518071484047	1.8245001087070976	0.0	0.0	2.333860897192316	1.7544430403947118	0.0	0.0	0.0	0.0	0.02337053520429759	0.0071912225083861706	1.7411022839425176	0.0	1.423825461186196	2.529971410909587	0.004249089220004022	0.0	0.0	0.0	0.0	2.190343426855601	0.0	0.013769514186167044	2.132799859912229	1.4685840319856789	0.023610114867618284	0.0	0.0	1.9869309193561508	0.0	2.106636133846262	0.0	0.0006075297102700622	0.0	0.0	0.0	1.6513842149242173	0.0	0.002902098610744795	1.640044510436711	0.0	0.0	0.0	0.0	0.0	0.0	0.0	0.0	0.0	0.0	2.27559318785072	2.161620469292436	0.0	0.008020225394150435	1.9034784767140769	0.0	0.015225359952590447	0.002593868506063197	0.0	0.0	0.0	0.012043684423978226	0.0	1.5373942280802324	0.0	0.0	1.4760167664999804	1.826124547807488	1.8509024089544408	0.0	0.0	0.0	1.8967655733290512	0.0	0.0504531744617482	0.0	1.6149495900446562	1.8086868993457368	0.0	0.0	0.0	0.0	0.0	0.0	1.4025553643335853	1.5878821072863831	0.0	1.7607506840723914	0.0	1.8784954216011147	0.0	2.0213440495530524	0.0034110607630132377	0.0	0.0	1.7213519832392383	0.0	1.8577991831770468	1.5478733343285622	0.0	2.286738286360042	0.0	1.8413339801560917	0.025790696981299453	1.9476124516383235	1.746544674566584	1.9894181795085863	0.0	0.006773297844081993	0.005704955724427559	1.6852680196950462	1.8757503743423989	0.0	1.7870212512367225	0.007657156939811331	2.0613127434514054	0.0	1.9111703086320373	0.0	1.7524025428922962	0.0	1.956835812999172	1.96591117784046	1.767074754535955	1.9792508905154769	1.989531074505696	0.0	0.0	1.8430901542730576	0.0	1.7926569394437304	0.0	0.01280101084472432	2.2762827261954834	0.0	0.0	0.0	0.0	0.0	2.082657068290969	0.0	1.9623147070117544	0.0	0.0	0.0	0.003813427807410629	0.0010655227900663344	0.01859249334992211	0.0010076044275376637	0.0	1.779276640512365	0.017833692009710002	1.368437483172466	0.001822754964368615	1.6804456874097868	0.00939000188837627	0.0	0.0	0.0775671158008166	0.0	0.01199798084563355	2.2356899009671367	0.007492387654893228	0.0	0.0	0.0	0.0	1.7808420539415653	0.031373199834069436	1.8182262748031583	2.0806445819253687	0.0	1.8054190187935304	0.0	0.0	0.0	0.0	1.6551498691819146	0.0	1.7666181120182305	2.27210776668756	0.012480561570117135	0.0	0.0	0.0	2.111754533949476	0.0010628794106701408	0.0	0.025295851961651523	2.0316401936569397	0.009478695402966206
g32	0.0	2.5256558350072127	2.4678003482536486	2.1087465840265818	0.0	0.0	1.9716034186116769	0.0	0.0	0.0	0.0	0.0	0.0	2.72357777520579	1.5920942976464638	2.353884823073364	2.228148307368848	0.0	0.0	1.947038830698217	2.2548201061193818	1.7858643151983042	2.2355873892867884	0.0	1.7440728016391054	0.0	2.175137019552333	1.7267652019634785	0.0	2.2585411852199577	0.0	2.4299466298761216	2.300340840548836	0.0	2.3685957352771574	2.1854585377260602	0.0	0.0	2.246484294378296	0.0	2.115597663820566	0.9606858832254804	0.0	1.9541728034326944	2.2871161605086345	1.8027003080784805	2.1672526275827844	1.6956122188963083	2.2079907498995097	2.3457132748881344	2.2041602158846505	0.0	0.0	2.4308136005374883	0.0	0.0	0.0	0.0	0.0	0.0	0.0	0.0	0.0	0.0	2.4618021201765803	0.0	0.0	0.0	0.0	0.0	0.0	1.5053424818002463	0.0	0.0	2.272660655021164	0.0	0.0	1.6848640361589402	0.0	1.7499246619076831	1.7455920402634841	0.0	1.4700283742179392	1.8635882132842456	2.589487927361401	2.1562114927196228	1.858550975243548	2.34772828008073	3.0967759568439224	0.0	0.0	0.0	2.0877949327855494	2.8285839898727314	2.637510515944516	2.081696457531377	0.0	0.0	0.0	0.0	0.0	0.0	2.4659143831412798	1.914507378023226	2.236833946969288	1.7611096574325185	2.502447947923564	0.0	1.7670580177277644	2.028866379417516	0.0	2.2870070601033397	0.0	2.2838999699965528	2.1351637560541854	2.0607094572453715	0.0	0.0	0.0	2.238345856594929	2.184311324911474	0.0	0.0	2.1437258401127903	1.0064785864511816	1.918730583052304	0.0	2.172489112843833	0.0	0.0	2.632454606138274	2.19362188119233	2.1656946734378364	0.0	0.4139034158114896	2.320706354119872	2.7722509677232297	0.0	1.783584585534488	2.199160040053004	0.0	0.0	2.122642691480325	1.946330945130184	1.7351520279412265	2.57472083436362	2.157839968103711	2.66416489721683	0.0	1.7098297627245305	0.0	0.0	1.812792752857548	0.0	1.557198935882666	2.0353027040658778	0.0	0.0	0.4255553308967216	0.0	0.0	0.0	0.0	0.0	2.3097858103676847	0.0	2.1346969052087847	2.034531484105809	2.3346678742973066	0.0	2.1369970037534536	0.0	2.1521182107611647	0.0	0.0	2.266809498326705	2.3043829830576548	2.262401886821221	0.0	0.0	2.6656945133738814	2.040569088141308	1.9035393416795927	3.5894987319434017	2.315459998331046	2.158117693461464	2.061269522821926	0.0	0.0	0.0	0.0	2.3463101430242843	0.0	1.9607835263592792	2.1681291266869227	1.726667819293156	0.0	2.6674362934119697	0.0	2.346654564950432	2.3112747886388147	0.0	1.6210985915321494	1.704301644352284	0.0	0.0	1.9849093761992704	0.0	2.506730878024376	2.352330645751352	2.1688600724451907	2.037717952679983	2.3322697659772804	0.0	1.8759587330834937	0.0	0.0	0.0	2.52519974706502	2.9908685991113333	1.5380423207028662	1.8623687157588045	2.402022564102668	0.0	2.8600572961525286	0.0	2.115205010193629	0.0	0.0	0.0	2.3414917180448542	0.0	1.896339242239243	2.2418520680591705	0.0	0.0	2.4024397677671576	0.0	2.430994469048625	0.0	0.0	2.040094355943112	1.8782863084204628	1.7404904189378143	2.4258877201793583	0.0	0.0	0.0	0.0	0.0	0.0	0.0	0.0	0.0	0.0	0.0	2.4681964316074896	3.0822594465434667	2.6484140396279567	2.361986386994145	0.0	0.0	0.0	0.0	0.0	0.0	0.0	0.0	0.0	2.49075632294149	0.0	2.4507011259898817	0.0	2.16603361650828	2.3458206011325418	1.8524143050653308	0.0	2.329227919454393	0.0	2.1459684107425883	2.4113843651973386	1.817856374859516	0.0	0.0	2.571198020916526	1.7496011775103841	1.6890375098106252	0.0	2.0388853892710945	0.0	0.0	0.0	2.037900680116038	2.2195681295742387	1.9096817761672769	1.7674020243460908	0.5209004159733274	1.777589209820798	0.0	0.0
g33	0.0	0.0	0.0	2.3871700059612	0.0	1.6747720219704294	2.1604832918852908	0.0	0.0	0.0	0.0	0.0	0.0	2.1167014646522357	2.2398638212988806	2.8012244036196665	1.4533326187505538	2.1057842769919244	0.0	0.0	1.427091171253572	0.0	0.0	2.3408632642702627	0.0	0.0	1.5586489350719486	0.0015128371042415017	0.0	2.700712713223349	0.0	2.29633313823476	1.9566855512107089	2.115141343753674	0.0	1.7212086634825938	2.1030037314949994	0.0	0.0	2.295307246605146	0.0	0.15362187444806572	0.0	0.0	0.0	1.401960829718554	2.207012094796772	2.493209907994772	2.2977408187344075	2.671533890958962	0.35161055350526604	0.2332857916667064	0.0	2.043711729751186	0.0	0.0	0.8502518744885549	0.0	2.2263778778975327	1.7327605335226752	0.04634852935213252	0.0	2.168861551292628	0.0	2.323565419536295	0.657362253081522	1.881865871779013	0.0	2.273067166414497	0.0	2.31022258801835	2.207822824960074	0.0	1.5936520505128284	0.0	0.0	0.002793228482328168	0.0	0.0	2.3255029027724348	1.9264126834870647	1.9882998247616082	0.0	2.777673699269464	2.7552110543287527	1.1005198693124687	2.3252563852222763	0.0	0.0	0.0	2.3466542046222503	0.0	0.0	0.0	1.3498836010791926	1.99845810221098	2.6039471344605696	2.306906418123547	2.9344453749444104	0.0	2.325659824403333	2.6456574161022206	0.0	1.735544165043225	0.0	2.129103400189461	0.0	1.8824032562835007	0.0	0.0	0.0	1.9170150375881343	0.0	2.733890768550812	2.2159070659749283	0.0	2.2495611940920286	2.282042688948444	0.0	2.4003310205607926	0.0	2.059838292306912	0.0	1.5703511500498426	0.0	0.0	2.038893412732264	2.1731043123426472	1.4449058125954453	0.0	0.0	0.0	2.3344544430453515	1.5105693282614303	0.0	2.4689007499666533	0.0	2.178921932711729	0.0	2.29673863172647	0.0	2.1551796112261643	0.0	0.0	0.0	1.9938444064215808	2.5143823398179674	0.0	0.0	0.0	2.2206061652560263	0.0	0.0	0.0	0.6956465534907527	2.423682023081476	2.376727281880619	1.2227675143438286	0.0	2.2882468284288	2.4093398477337806	2.274356715374836	0.0	1.9539617139746868	0.0	0.0	2.570832846188288	0.0	0.0	2.655808123217916	0.0	0.0	2.308689623170051	2.3927374375744104	0.011317967889532484	0.0	2.4542172344484507	2.2398171715072377	0.0	2.251246533268878	0.0	0.0	0.0	0.0	0.0	0.0	0.0	1.6578948236843971	0.0	2.270183219135724	0.4422928448179471	0.0	0.0	2.2904929283394915	2.2153489592439626	2.072952848793514	2.183845836729588	0.0	0.0	2.3039049126064732	2.2578524825816264	1.9927177522771324	0.0	0.0	0.0	1.8971174095436683	2.6788203916841486	0.0	2.4529472324202843	0.0	0.14570846255438946	0.0	0.0	2.4816119252994917	0.0	0.0	0.0	2.448590018350969	0.0	2.543795185114913	2.8333762540778222	0.4055598786945879	2.2731670091620697	2.1776969651450724	2.5135435976099703	2.336514765033122	2.0123422790405603	0.0	2.0529324988570794	2.100411672691267	2.3532708698293736	1.9354294472813216	0.0	2.2177411079079867	1.9324727764326384	0.0	0.0	2.273118735380937	0.0	2.1784054603236607	0.0	0.0	0.0	3.0918634713018025	0.0778045031016619	0.0	0.0	0.0	2.179173397737617	0.0	2.328353289182274	2.15474024068852	1.833643657859915	2.554681482959932	1.4900531408527742	0.0	0.0	2.283162449314375	1.68054981128908	2.168010169815106	2.435645921072948	0.0	0.0	0.0	0.003078976521466777	0.0	2.439771358080093	0.0	0.0	0.0	0.0	2.117329468982074	0.0	0.0	0.0	1.9661342482746749	2.3531238671139274	0.0	0.0	0.0	2.345379280907684	1.5631643622449178	1.2695588144298529	0.0	2.3630486722003186	0.0	2.4609314108649154	0.0	0.0	2.4944575132717293	2.156580421538496	1.6588274086887314	0.15626696860392433	0.0	1.9085317423825847	2.2865847501998657	0.015137301161717546	2.2973165482335576	1.89002723436128	0.0
g34	0.0	0.1350464691211924	2.077954794082199	0.042046918262132485	0.0	0.02305766430414961	0.02213907211205553	0.013727850914982107	0.00861132195361358	0.0	0.0242840487664638	2.3253093533906766	0.0	0.0	0.10769694303332078	0.00151264416542545	0.0	0.2743328046938047	0.007373305645500158	0.008121719401397049	0.0	0.004973541033475518	0.0	0.006781541703031185	0.06962211755465116	0.0	1.8585740385191205	0.001000636555500832	0.0	0.0650366423978086	0.06482374335338986	0.2332083714407713	0.013713801175705436	0.3280908906186317	0.013767564319695657	1.7533184754156887	0.0	0.0	0.004978303422071896	0.7732990444688522	0.019534471427675604	0.08252289758888226	0.0	0.0	0.0	0.0	0.0	0.0	0.02875685883643847	0.025279221439710703	0.2150768275139606	0.0	0.0	0.04336493046978295	0.013808984729726794	0.0	0.05015637493444871	0.0	0.0	0.04603654758760328	0.010222036885031524	0.1217005327224422	0.0	0.07231486263661846	1.5198127250188318	0.049505372453808524	0.078379842913255	0.0002996358312780528	0.0015476350087261	0.08238878454144663	0.022028123448544084	0.001162975468874325	2.567464684435604	2.2116589890411182	0.0	0.0	0.0	0.2565016158265556	0.014637118070858412	0.0	0.0	0.2957033333454927	0.0	0.0	0.0	0.00846811568920344	0.0	0.0	1.400353355193538	0.06656121086365205	0.0	0.0	0.002126292610154345	0.0	0.13552352653747754	0.0	0.002993431580933337	0.014298461159297112	0.0	0.050423873323281285	0.23401479706982384	0.0	0.0	0.0	0.002943133032646026	0.0	0.0	0.017445153737093756	0.0	0.013471267890805732	0.06536173835376377	0.0	0.0	0.0	0.0	0.0	0.025967380148379692	0.12673902885896246	2.220106499050058	0.0	0.0	0.34248175953177257	0.0076811487517184016	0.005616385709379853	0.0	0.05556499861037112	0.0	0.0	0.0	0.09402248638988196	0.004302610850167615	0.0	0.04949473923182076	0.0	0.0	0.0015103694892019506	0.0	0.0	0.0	0.10254694877600563	0.0	0.0	0.34547055401623145	0.0	0.0	0.0	0.03289486856254845	0.12252883845589845	0.07767230975513406	0.0	0.001558080664829893	0.0	2.5428114597780733	0.0	0.0	0.00282615948464512	0.0	0.05109252973751004	0.0	0.1138275034495478	2.027703442713826	0.0	0.0	0.0	0.0	0.0071573736381379685	0.18719285408419425	0.0	0.0	1.6212553386545383	0.04986419745916538	0.06674378813667728	0.0	0.045341082372581866	0.0	0.0	0.0	0.04928962972986915	0.014859087828562172	0.002183358724080183	0.0	0.14081308031411385	0.11282255322497155	0.06336712081999406	0.0	0.04815753115722979	0.025314838165261727	0.021130243353980862	0.4322588703675457	0.0	0.0	0.0	0.5031031019137416	0.0	0.0	0.060252648917441386	0.01411372186072586	0.0	0.0	0.0	0.0020794041368382065	0.8530880016414575	0.0	0.000867116977083463	0.0	0.0	0.05913900261364116	0.0	0.0	0.006801420745239463	0.10898454422831433	0.03812355577877658	0.0	0.1012381163040292	0.0	0.07026029678420598	0.0	0.8660254270922353	0.12898255192881236	0.0	0.02740436907903081	0.054736306645784265	0.06248439084923555	0.0	0.002073529514328286	0.031221008442346262	0.0	0.0	0.0	0.0	0.0737694101155971	0.0	0.0	0.0	0.024845264729945245	0.037076983966904696	0.012505075585252807	0.0	0.0	0.0	0.06539728774995132	0.004838187665156722	0.001996738069795161	0.12250850296904567	0.0	0.0852883506254637	0.04803530334567621	2.156683176434524	0.1272244481520028	2.080805984296991	0.0	0.0	0.021681101126140488	0.0	0.0	0.1310745472251766	0.0	3.1017637119603765	0.008549279416664127	0.0	2.639721054435372	0.0	0.14933838354318738	0.14386443890908415	0.0	1.7673930988076405	0.12532823006905233	0.05295225059914682	0.3165556670131039	0.0795549622030531	0.0	0.045706690473246984	0.05848631251780221	0.04087349347269244	0.0	0.0	0.03341737559853518	0.0017823701231353317	0.0	0.0	0.0	0.010468492482502052	0.0	0.0	0.15930831816735386	0.01358285138650083	0.004242152835078293	0.0	0.007532173332481694	0.0022728322826585977	0.0	0.0709269399948293	0.0	0.0062571810341630965	0.007319905802046588	0.0	0.0	0.03856156110061211	0.0	0.0
g35	2.1677932191701355	0.0	2.1860342049556123	2.5894595410445933	0.0	0.0	2.13070479250314	0.0	0.0	1.7712617372683928	2.0275626567243434	1.902919127759784	0.2541465413747627	2.0405896975481683	2.269361288958479	2.5401933135946617	0.0	2.891884722116305	0.17171011942258682	1.759475520282116	0.0	0.0	0.0	0.0	0.0	1.198481977073031	0.0	0.0	0.0	0.0	0.0	0.0	0.0	2.0224695845844707	2.2997041969131766	0.0	0.0	0.0	1.6437396345816129	2.5415522922555214	0.0	0.0	0.0	2.1330523212368324	0.0	0.0	2.0477324123375182	2.04656369463454	0.0	2.005992540539204	0.0	0.0	0.03661686399831999	2.1922976286942326	0.0	2.0779028977753438	0.0	0.0	0.0	2.2802840531351967	0.0	0.0	0.0	2.11881042230378	0.0	0.0	2.415666330342749	0.0	0.0	0.0	2.2438916081384432	2.3210868841891825	0.0	1.6405383259777495	1.9217271709078023	0.0	0.0	2.0519275108417148	0.0	0.0	0.0	0.0	0.0	0.0	2.3445998550880858	0.0	0.0	2.399111394342633	0.0	0.0	2.2460822853736238	1.953243111324372	0.0	0.0	1.5812239025779056	0.0	2.0062703522760303	0.0	0.0	1.9532569096841896	0.0	0.0	0.0	1.763538693628847	0.0	0.0	0.0	2.240370194502513	0.0	2.5738842995044644	2.3145233930265605	2.0279014019318926	0.0	2.042321639120431	0.0	1.9505156894715288	2.5863069284258606	1.707702135965994	2.344322851606364	0.0	0.0	0.0	1.9770899013262533	0.0	0.0	0.0	0.0	1.8021596110145035	1.9117440397183336	1.6611128106491886	0.0	1.7240249783641155	0.0	2.2019088882829325	0.0	0.0	2.043029062102657	2.10847164763696	2.294596191902368	2.009976214118289	0.0	1.901376694120238	0.0	2.0554715407969626	0.0	0.0	1.6862847193128154	2.3300083538504164	0.0	0.0	0.0	2.3225988563000834	2.0819813962078517	0.0	0.0	0.0	2.022013416804968	2.1486086754469	0.0	0.0	2.0552669799544323	0.0	1.5046397577045008	1.7160948103173008	0.0	0.14298082451494065	2.37394070355006	2.0372085193702096	2.060665849586436	1.2935034798558642	0.0	1.911536645668526	1.6066392127377669	1.6426502716790594	0.0	2.2311397080235333	0.0	2.399537521034051	0.5412542909156187	0.0	0.0	0.0	0.0	0.0	2.1804547746321177	1.7076300893766243	1.7445343825055075	1.9483442249815976	1.4308873222160945	1.8140922575683645	0.0	0.0	0.0	2.154142798388076	1.9292441730373089	1.8648978883225025	2.1268490722868774	0.5251420316887747	2.131566052193254	0.0	0.0	1.9367429927190447	2.1786647441378437	0.0	0.0	1.995230551830049	1.892222749150444	0.0	2.00022815816156	0.0	1.7151140867461816	2.2704664663229064	0.0	0.0	0.0	0.0	1.5400147545822498	2.070033216890648	2.0810818436484366	1.8535954706070663	2.105521473086085	1.5897249085489822	0.0	1.977100149100596	2.450523655245651	2.169425829080867	0.0	0.0	2.0084255310911483	0.0	1.7761513245254317	0.0	2.2412901944688817	1.372598788722306	0.0	0.0	2.0575638795177773	2.1491837446289583	0.0	1.997757473233725	0.0	0.0	1.6482829584119276	2.491591573594376	0.0	2.01955549649738	0.0	2.327157646510772	1.947238918867292	0.0	0.0	0.0	0.0	2.40256573532516	0.0	0.0	1.4512420938912374	2.5443244192305987	2.1874434441612185	2.109694901914878	1.9024752386383441	2.1315050779905933	0.05183506137287641	2.1572160135036405	0.09196947710713096	2.493793671864041	1.5156081842698397	2.2185409319692764	0.0	2.0676632144317195	0.0	0.0	2.1052155619663315	2.3076910884917443	0.0	0.0	2.0474697216980653	1.5133034130563026	1.997356630939478	0.0	1.899995263671715	2.3933738889814835	0.0	0.0	2.751845465722988	1.7828442703474607	0.0	2.1298030959746885	1.5818701094176872	0.0	0.0	0.0	0.7696962043782529	2.1636823299165906	0.0	1.6996291846552478	0.06891012792702457	0.0	1.896609642230504	0.0
g36	0.0	0.004374925488683396	0.005238467617636534	0.0	0.0	0.0	0.08845003224600267	0.0	0.0	0.0	1.7605656609638631	0.0471357264907034	0.0	0.0	2.1997655315103346	0.0	0.012078028133854257	0.0	0.005359630648049518	2.5617450732482303	0.0	0.0	1.9087594407775288	0.09752938726505453	0.0	0.3043479210069491	0.005012874405109093	0.0	0.06631287248943102	0.01247792766142409	0.045138548433229175	0.0	0.026198107088794702	1.658737044708353	0.0	0.0	0.005535527670024821	0.0	0.01887943787774753	0.0	0.0	0.0005006858468568417	0.0	0.0	0.0	0.0897241626741065	0.0	0.027911045911553384	0.0	0.0	0.0	0.0	0.0	0.0	2.9275784752160585	1.6033917716775412	0.0	0.0	0.018501010140478173	0.0	0.0	2.332105495431604	0.02677353344154767	2.192813408829854	0.0	0.06772060511364816	0.0	0.0	0.07055983667416607	0.0	0.005682478166205667	0.0	0.0	0.0	0.0	0.10238790674499218	0.015904066656693642	0.030843339046049825	0.0003735382391140257	0.0021245600891438843	0.0	0.14218040041587993	0.009938435202699708	1.4227777984368095	0.004884695463729142	0.0	0.03627721860874754	0.08303462064180334	0.0	0.002362476489550873	0.0	0.0	1.3578694603715722	0.021142924134880343	0.0	0.0	1.9710107577553968	0.0	0.0005225872237556905	1.4688884535890452	2.188982793827968	0.08829580399352524	0.0	0.0	0.005430615064751217	2.1108879859939007	0.0033833529900127663	1.8492159097211087	0.0	2.385060763998588	0.0029843923362171555	0.0	0.0	2.4141010305259707	0.0	0.0	0.0	0.0	0.0	0.0	1.6087833237743472	0.0198591842807547	0.014186880856315313	2.258646945942005	0.0	2.071961413225127	0.02984887842906168	0.06904545151509149	0.0	2.5237854648919456	0.0	0.0	0.0010524618547487444	0.009248300901258014	0.005348517406679407	0.024025502100840257	0.0	1.7748015254887883	0.0	0.0	0.000541843652192937	0.0	0.0	0.0	0.0	2.105924081840068	0.8294931707911553	0.005130457574808965	2.2380905251040124	2.354520088588651	0.0	2.1586952651236184	0.0	0.0	0.0012176063631904508	0.0	0.0	0.0	0.0060449228585117785	0.0	0.0	0.004182738989321789	0.0	0.003787269241264465	0.0	0.007709096163681635	0.043513262214861424	0.0	0.0	0.012966021429230841	0.00931083189146425	0.027249843975244586	2.3467427028483305	0.00031420313715586077	0.0	0.025857116703425626	0.0	0.0	0.0	0.0	0.04689129001405792	0.011059329141850446	0.0	0.013103266183533831	0.0	1.2456335099600713	2.22782676473019	0.0	0.0	0.0	0.0	0.0	0.0	0.08386025082617643	0.0	0.8411575047664345	2.297313346968898	0.0	2.2791364665864973	0.0	0.10068857662247148	0.0	0.0	0.0011194144927057486	2.436123321932754	0.08741550718370704	2.083499926955532	2.014125941054502	0.0	0.0	0.0	2.2031548424413883	0.014966403237554516	2.3107168733179884	2.21458006356736	0.04704390508168472	2.6314085050884963	0.011330923927698196	0.0	1.5398671022061947	1.6512578741736998	0.0	1.5006301006739486	0.06497933330971484	2.1136475515482047	1.4024295387478682	2.0923737468196366	0.0	0.0	0.0	1.9305495236639847	1.128137974080127	0.7713975112165486	2.0463590878555884	1.805750991134268	0.0	0.0	0.0006890475750120889	0.016623143219587945	2.1853402211603203	0.024448138479158055	0.0	0.005899384116735483	0.0	0.011792039736478634	0.009599655896932327	0.0	0.0	1.7533645542777645	0.0	1.7460326068740393	0.0	0.0	2.480953798012961	0.06035251460035556	0.11183415615254827	0.0929993390322329	0.005628591748593978	0.06799364836823857	0.0	0.02421861189583984	1.3615568465345111	0.0	2.190230664483289	0.19802773989632744	0.0	0.0	0.0	0.10245779356535026	0.007242399057062587	2.163771116197029	0.0	0.0	0.0	0.0	0.07221367295349318	0.1952396096449439	0.0	0.0	2.9752667930542325	0.06695368076848951	2.244371871991018	0.0	0.0	0.0	0.0	0.5018724311368079	0.008188155573702824	0.004339709852283746	2.4352719155833658	0.03226703155930576	0.07382030097604317	0.0	0.0	2.1672463061507	0.0	0.01013642804745783	0.0	0.0	0.0
g37	1.3773554794801521	0.0	0.1178004277988455	0.0	2.2708925436552043	0.0	0.0	0.0	0.0	0.03019163724110792	0.0	2.1627757267658554	2.4959535182282497	2.1620348608620104	0.03634300289441051	1.9403717771715152	2.7570807402934094	2.076217418850585	0.0	0.0	0.0	1.6823570444597964	0.0	2.289221608488606	0.0	0.0	1.9366833696728545	2.336889461203236	0.0	2.0210093506167426	2.3780181383102623	2.093362856092273	2.2148672694938503	0.0	1.0224185896165623	2.2503411250888266	2.331409664446395	2.0869014247208444	0.0	0.0	0.0	0.0	2.3757138377858857	2.1482824606978768	1.6460391554841611	0.0	0.0	2.242784920496484	0.0	0.0	1.930163656033392	2.0533899897702703	2.4852254791906594	1.4064801309067716	0.0	0.0	2.3604451685974244	1.6097940541273144	0.0	0.0	1.912739194553848	0.0	2.4163077802665125	0.08705592519966797	0.0	0.0	2.2579597720235647	0.0	1.5367056534797452	0.0	0.0	0.0	0.0	1.7997937146833625	2.068546967136303	2.0289415139098246	2.0058806937072524	0.0	2.337092754004704	0.0	1.8966293110036	0.0	0.0	0.0	1.9314640007605384	0.0	2.190889527593224	0.0	0.0	2.1994555442225887	0.0	2.1135517599608176	0.0	0.0	2.8003401793231983	0.0	0.0	0.0	2.448319888629784	0.0	0.009879397847115877	0.0	0.0	0.0	1.7019549524667208	0.0	0.0	0.006184399576304235	0.0	0.0	0.0	0.0	0.0	0.0	0.0	0.0	2.207335347493784	2.083410408532793	0.0	2.1796580836281763	0.0	2.089007386783801	0.0	0.0	0.0	0.0	2.1435556289895032	2.066567153311289	0.0	0.0	2.3355511675380067	1.5440468196116324	0.0	2.534497826191968	0.0	0.0	0.0	0.0	2.159448176450197	0.0577025540033281	0.0	1.7746633891520778	2.099275699980254	1.603936528604232	2.0432357049803325	0.0	0.0	2.6645627149577202	0.0	0.0	2.418068878699476	0.0	1.9301887239007072	0.0	2.238939358115388	2.1637344007596933	0.0	2.094630632453152	0.0	0.0	0.0	2.373032324747088	0.0	2.224953330587267	2.131178622916885	0.0	0.0	0.0	0.0	0.0	1.6460806216277433	0.0	0.0	0.0	1.9477186556811323	0.0	1.8806750601172737	2.6772305077281966	1.9667591526876087	0.0	2.02592299131414	0.0	1.70519238180444	0.0	2.012831751088792	0.0	0.0	0.0	2.067932950801456	2.0769524239229598	2.122670804675786	0.0	2.166958176879596	0.0	0.13410554888540005	0.0	0.0	2.0777365489222293	0.0	1.5859127668565105	0.0	2.195058815479156	2.197226759212546	2.1914036905951244	0.032755314984570606	0.0	0.0	0.0	2.243073748510496	2.1561716546600764	2.256049210760909	0.0	2.649107631968338	0.0	0.0	0.0	0.0	1.6015997932047432	0.0	0.0	0.016625392855177692	0.0	0.0	0.0	0.0	0.0	0.0	0.0	0.0	2.2368205206210483	0.0	0.0	0.0	0.0114963128526189	0.0	1.98777339119826	2.4114050052573086	0.0	0.0	0.007021419216746183	0.0	2.131144873831248	0.0	2.581624610282407	0.0	2.6610845546136974	2.1889548194386057	2.0056250966055256	0.0	2.1362278472199656	0.0	0.0	2.235517487447848	0.1045522581714348	0.0	0.0	2.2098957278902054	1.6981535784468746	0.0	0.0	0.0	0.0	2.0001161354111225	0.0	1.6327963248945987	2.1241073425489665	2.699658650031197	0.0	1.9962197483717359	2.203107064481133	0.0	0.0	0.0	2.2156577427494644	1.7397145900902855	2.1153192750179515	0.0	0.0	1.8371312583834047	0.0	2.0763782462642264	0.0	2.1471741556662103	2.0667232341262496	0.0	0.0	1.1290373277413148	0.0	0.09027614248793576	0.0	1.8513321917376049	0.0	2.076251526190186	1.990176621100134	0.0	2.5405623496319216	0.0	2.0347695743662166	0.11516733541072685	2.0567837859584395
g38	0.0	2.730148724849264	2.0654879815835767	0.0	2.024630457463252	0.0	1.9319340112960472	2.4333784435763146	0.0	0.0	0.0	1.7882855800750113	2.2165103478881383	1.9751651450298269	0.06191897059514074	2.0494407995591857	0.0	2.4423580307502664	1.585849080698318	0.05500210731072802	1.2484621396232425	1.7647528759517213	0.0	0.0	2.1032504869191087	0.0	0.0	2.0287898408076126	0.0	1.55536089617525	0.0	1.89099298774006	0.0	0.0	1.9976767318406885	2.392251911870673	1.9863224769415493	1.5812203328741536	1.8267113569918023	0.0	1.790963790195954	0.0	1.8740621926567047	2.671379067997889	1.87688235899185	1.9537127663061464	1.6762759798231377	2.598395554025668	1.89416819146206	2.6374536784374	1.2886432087224864	1.9526119759764589	0.0	2.170169352186776	0.0157224700168457	0.20318129909448832	0.0	0.0	2.004473155550699	2.427983037513808	0.0	0.3913004370927965	1.727757071601856	0.0	0.0	0.0	0.0	0.0	2.083063651802976	2.1520191556818093	1.9863497152376928	1.802079597921864	1.7159753170143162	0.0	1.8380743314675656	0.0	0.0	0.0	2.485788845737052	0.0	0.0	2.2718512069382464	2.451224125140536	0.2593280302221825	0.0	0.0	1.8102149302117951	1.8565723667500984	2.033438398558629	1.4305635384411046	2.224371218201851	2.1314326713264133	0.0	2.3658401103338083	0.0	0.0	0.0	1.5482600458373668	0.0	0.0	0.0	0.0	0.0	2.0455338481986867	2.141209360211845	0.5683545258691626	0.0	0.0	0.0	0.0	2.4792910362325027	0.0	0.0	0.0	0.0	2.271249136321129	2.263701733647944	1.8512061572210032	2.2118908872199143	0.0	0.0	0.0	1.6365031224117097	0.008509559124573015	2.207357938197683	0.0	0.0	0.0	1.9383155665875933	0.0	0.0	2.1503197781622734	0.0	1.9830561433867453	0.0	0.0	2.418031697617552	0.0	0.0	2.2937934912793168	2.2157112565553683	1.5583883039622068	2.3194169364661557	1.1532439003075194	0.0	0.10960053309860496	0.0	1.4238971889156764	0.0	0.0	2.031145664778305	0.015591850271383163	0.0	0.0	0.0	2.4399427348496507	0.0	1.6279455559817901	1.727264323818781	2.06368641669597	0.0	0.0	0.0	2.0658005635945766	1.7515058560470482	2.053256381066895	0.0	1.6277663424432351	1.4658473287379663	0.0	2.0833720884715623	2.1418515949413406	0.0	2.168289695560534	0.0	0.0	0.0	1.91281850538414	0.0	1.9228619865739964	1.7779091987178712	2.2406358863886218	2.5255958276013986	0.0	2.0635303133325587	0.0	0.0	1.8726210155527168	0.0	0.0	0.0	0.0	2.028841356047485	2.1204799029440093	1.9575955418065525	0.0	0.0	1.9375174028803448	0.0	0.0	2.1021101359875547	2.2414316570075075	2.203077452847604	1.6099779063775466	0.0	0.0	0.0	0.03889853202890883	2.059505278129649	2.161162112253584	0.0	0.0	2.2699742765019293	0.0	0.0	2.0881995708454264	0.0	1.665257921317728	0.0	0.0	0.0	1.3777355458456657	0.0	0.0	0.08636503696203379	0.0	0.0	2.156931954310545	2.328896105387812	2.40208888344134	0.0	0.0	0.0	0.0021422502542389026	0.0	2.416290524246335	2.0310050332838707	2.0909952549045085	2.597836365425516	0.0	2.0008852866058024	1.9880389824273847	1.7570153376740238	2.223425059243676	0.0	0.0	0.9928755441209984	0.0	0.0	2.297613347576457	0.0	1.9931798180723417	0.0	0.0	2.0371599468755637	1.4213441307057844	0.0	2.215339468784431	0.0	0.0	0.0	0.0	0.0	0.0	2.335067119769437	1.8118098485015204	0.0	2.187229695698929	0.0	2.5456481454852224	0.0	1.4265917383091742	1.5435360139158159	0.0	0.0	0.0	0.0	0.0	0.0	0.03495505690626511	2.298334084724861	0.007721555030920181	1.6678515891441033	1.602729281858656	0.0	2.693009306151755	1.67597076314546	2.568588387264388	2.4163245517543666	0.0	2.4993624309270577	2.227514718450143	2.1842286119251315	0.0	0.031439295374614734	2.0357726999693617	0.0	0.0	0.0	0.0
g39	1.0052655082892836	0.0	0.0	0.021055639708497668	0.0	0.36052465644387016	0.0	1.6902358371025938	0.0	0.0	0.0	0.0	0.8461254226207265	0.010834765321639572	0.025534070347642355	0.0	0.007329494124901042	0.0	1.6772896436183249	0.0	0.0025783882931564236	1.6089479242604472	0.04457248806944377	0.0	0.0	0.0	0.0	2.124585706460152	0.0003583852091918303	0.0	0.06596950257115976	0.0	0.02411039562672246	0.0	0.0018972820492312574	0.0	0.15613237731546187	0.06580280201346221	0.3140342144365202	0.0	0.15208197287016156	1.6324335469642772	1.9831470280089345	0.24581626488898914	0.0	0.6896269358690077	0.0	0.0	0.0	0.0	1.2110485758384784	1.9090974328111328	0.4224160327149204	0.10294541468955982	0.13434054323654068	0.0	0.7002989558620464	0.0	0.0	0.06173237164934745	1.5447190646054685	0.0	0.002254826062302375	0.0	0.0	0.8338233529434056	0.0	1.9083414428330023	0.0	0.0	0.09636548472088023	0.00655094834408584	0.011746679151583006	0.0	0.0	0.0	1.6660401914647187	0.0	1.3797053812338218	0.0	0.010355999798795113	0.3177113608811004	0.0	0.0	0.0	0.9032637636752434	0.0	0.0	0.0021394920000428514	0.0	0.0	0.0	0.0	1.405288773333628	0.0	0.0	0.0	0.11178701524332896	0.0	0.0	0.052920143065978816	0.0044321647379896465	0.0	0.0	1.6371893294582809	0.02104834492700618	0.0	0.0	1.777598705996035	0.0	0.09690436635445836	0.021884474461357373	0.01500805857842142	0.0	0.037650953395586696	0.0	0.0	0.0	0.0	0.00029898753477746533	0.0	0.007519629035415323	0.0	0.0	1.0928034294616984	0.0	0.02190041161825493	0.0	0.00749352016110435	0.03352911843911181	0.0	0.0	0.0	0.0	1.8427789095030835	0.0	0.0	0.0	0.3848885289067041	0.0	1.8898412290302349	0.07637324623323129	0.0	0.0	1.6579753905500303	0.0	0.04776786252879668	0.06766997253729083	0.0	0.0	0.6551821525946471	0.0	0.0	0.0	1.6129702939060104	0.0	0.0	0.40596138034214535	1.476561599338729	0.0	0.0	0.0	0.006567103984396449	0.012769065186104073	0.0	1.477247058822126	0.031214408836202464	0.0	0.1428587748555615	0.0	0.7985851403221887	0.0	0.0	0.0	2.0240417294304027	0.0	0.0	0.0	0.7350856179733629	0.052629945639146934	0.0	0.0	0.0	0.007548735094404246	2.2323637947661443	0.0039766959089932215	0.0	0.0	0.0	0.005423604007739742	1.6425567625685935	0.0	0.0	0.0	0.0	0.0	0.0	2.2059165874326494	0.0	0.0	0.0	0.00017778478482343219	0.09050920596088977	0.06498052360919186	0.0	0.03932422395631936	0.024198258410091832	0.05179720726919191	0.4232265136274754	0.0	1.670982657050911	0.0	2.4568008056562483	0.0	0.07512960343168945	0.001248040800164607	0.0013415734509251052	0.0	0.009938282498624376	0.0	0.0	2.469982251374069	0.0	0.0	0.0	0.0	0.10565872192272743	0.38383192806880095	0.02623132471738046	0.3841309166248016	0.0	0.013353373922926542	0.0	0.0668274020455191	0.0	0.0	0.017459090061507754	0.0	0.0	0.002614456143707075	0.011023230331523779	1.4661002590565984	0.017968066716690264	0.0	1.8195307648326409	0.0	1.3474647035952312	0.00891700058398257	0.0	0.014079359328671269	0.0033186095076829674	0.0	0.0	0.0	0.16673328828216166	1.1342389209457304	0.7263798199164009	0.003837045305634957	0.0	0.0015413150167443539	0.0	0.0	1.7142988976254203	0.0	1.9278139842313609	0.0	0.004810259057891283	0.02547025952209871	0.0655777726169992	0.0	0.020319273706946167	0.5834107647981502	0.0	0.008060088400888609	2.4368769839122386	0.07502449697404323	0.0	1.886593137075055	0.0	0.056608450264116476	0.0	0.0	1.10586281972299	1.4009655868845767	0.19242060092718954	0.01859236429527684	0.0	0.0	0.08926982882113606	0.08279479953530396	0.0	0.01585556171658886	2.0426099214835043	0.00016802993073168707	0.0	0.002649329757900509	1.7412208032825511	0.0	0.009578635036438604	1.6980313186279443
g4	0.06279542256144018	0.0315025908357047	0.0	0.0	0.0	0.23019842804827986	0.042275193674059325	1.3943620289446836	0.0	0.0	0.0	0.0	1.2106798415590798	0.11009213991677944	0.0	0.011002840431178338	0.0	0.0	2.0419589578713984	0.0	0.0143227953921431	1.3642043484652435	0.0	0.0	0.015547947407864703	0.0	0.0	1.8830022765440768	0.02065767401500393	0.0	0.0	0.0	0.0	0.04057912968267576	0.10979628938471014	0.0	0.0	0.0	0.0	0.011638690446288506	0.0	0.2181732047805865	0.3020097292881609	0.0	0.0	0.2888470097093224	0.0358698532263485	0.0	0.06045595658887644	0.0046279030678050646	0.05204730561158192	2.2126648829176743	0.049279922741684516	0.003962367893927993	0.0	0.0	0.07154459650978577	0.0014184304966053055	0.03802644820049232	0.0825848797548658	1.3327418734023635	0.0	0.0	0.004907865080899389	0.0	1.1894642152596917	0.0	0.093934062533281	0.0	0.0	0.0	0.0011299339746378857	0.0	0.0	0.10679536981485276	0.0	1.7754428119512151	0.028149702938700675	1.337959494970071	0.0	0.0	0.0	0.01459087574363539	0.007679635986665241	0.0	0.0	0.0	0.0	0.0	0.0	0.0	0.03929656629444905	0.0006670454890664473	1.039193221082062	0.0	0.00033960813730090316	0.024409152666943768	0.0	0.0	0.006888267398502546	0.0	0.0	0.033771255404117025	0.0	1.6735135739177345	0.014781886833500709	0.0005217086672127079	0.0	1.0831895340983628	0.007172489421601576	0.0	0.0	0.0	0.050879860244591485	0.008704666534430508	0.020765183579479853	0.03326782655481583	0.0	0.0	0.0	0.054299114594870176	0.0	0.0	0.0	1.5761660649874505	0.043344698932078776	0.07190582517122153	0.06079784128675851	0.0	0.054565110641189234	0.0	0.00447711280944365	0.0	0.0	1.6845400702168334	0.010774440992432214	0.0	0.0	0.0	0.03957642662805206	1.9768425519718071	0.0	0.0020558053758585027	0.0	2.1944383249948425	0.008325708751815791	0.0	0.0	0.016138239375482026	0.0	0.0	0.0	0.0	0.0	1.7077424030937898	0.10387122455652097	0.0	0.03511576753688174	1.0022893434704654	0.02676248681960361	0.049717965221294166	0.0	0.0	0.0	0.0	1.1830404652261188	0.0	0.0006675211515472185	0.016589126637824927	0.04401563767959317	0.0	0.0	0.06602411832080234	0.0	1.4838080662165256	0.0	0.0	0.0	0.01313764559691087	0.013775405360221765	0.006704969493194759	0.0	0.020717714208243858	0.05995574780189712	0.0	0.0	0.0	0.041713472765169325	0.0	0.0	2.143874245049601	0.0	0.0	0.0	0.0	0.012364724629475122	0.1582676806752416	1.5712605437311002	0.0	0.0	0.08022796580656713	0.001105642608781602	0.0	0.0	0.0	0.0	0.0	0.0	0.045532275314333716	0.05948734588720885	0.5905426197548471	0.012038534307667359	2.0810350107650386	0.0	0.0014937229536791145	0.046863855017083116	0.030072167605373443	0.0	0.0024407156298894557	0.013590680309278387	0.040356584020047284	0.5645657443967723	0.07287396091746158	0.058618452080074074	0.0	0.0004884753365293387	0.10850352860857736	0.012101234429800637	0.007167873231946489	0.0	0.0	0.00031802619655466974	0.09474930657442496	0.038667446370293485	0.03616512827243802	0.0	0.0	0.0	0.0	0.0	0.0	0.31082690319837275	0.0032531209008422744	0.0	0.7362658279629749	0.09124964382552367	0.0	0.0	0.0	0.04436971651491617	0.0	0.026682768137668282	0.0	0.0	0.5553051898833499	0.0659792067440427	0.0	0.00168083080232091	0.0	0.0	0.0	0.045753204805203306	1.574230768824331	0.0	1.8654951260897457	0.0	0.004683746578320951	0.0	0.01746779470292686	0.0011594498155415767	0.0	0.0	0.0	0.1064282454930919	0.013085404313688756	0.0439177959625037	0.0	0.13452312030905422	0.0	0.0	0.007577977722930176	0.0	1.4406258351548786	1.2410112711385115	0.005560790734609913	0.0	0.0	0.0010734860182344528	0.0	0.0	0.0	0.09976765484334538	1.1746275572162987	0.01919905003996146	0.0	0.0	1.9990519860791665	0.0018638399070414675	0.034380903821107416	1.7716269264118476
g40	0.0	1.6682064272259294	2.0234957814745966	1.7764084245250242	0.0	0.0	1.9264014396961824	0.0	0.0	0.0	0.0	0.06252446323606202	0.0	0.0	1.7260189886263195	0.0	0.0	0.0	0.0	0.0	0.0	0.0	2.382103777381667	0.008880412589696459	0.15633981555297538	0.0	1.4730999300504328	0.0	1.88246590200946	0.0	0.019317888114628774	0.0005476209885040752	1.9971941955927432	1.4565628874973122	1.8843371699326803	0.0	0.0	0.0	0.0	0.011120480976830577	0.0	0.004733968413183614	0.0	0.0	0.0	0.0	1.7795410353207393	0.0	0.0025498184127678266	1.88265883464036	0.0	0.0	0.0	2.030142217917862	2.1490650828155053	2.122860152326712	0.0	1.9023093040162613	2.119770908423039	1.7994774960027555	0.0	2.1657363624647066	0.0	1.8723602323005888	1.6647842355501707	0.0	0.0	0.0	0.0	1.7171784486002477	0.0	2.0897637549072785	0.043397634958235766	1.5917313253083123	0.0	2.002236048359282	0.0	0.06818614052667209	0.0	0.019900752189755948	0.0	0.004656794356771619	2.2238308347577864	1.488632971910905	1.6899202483282545	0.0	2.282012443455111	1.4786859528144491	0.0	0.0	1.77555300232975	0.002038184164521133	1.6811565215571345	0.0	0.0	0.0	0.0	0.0	0.0	1.6622052640218594	1.9376849129214369	1.727622245807347	2.11541456287791	0.0	0.0	2.1983589082228363	1.9752546319976807	2.3834088766523527	0.0	2.064998303332234	1.8217396836945081	2.0451385240337325	0.0	0.0	0.0	0.03762425934983305	0.0	0.0	0.030315996343141118	0.0	0.0	0.004271507532776043	0.0	1.7485648204815365	0.0	1.8525474498431287	2.0541963814682203	0.0	0.0	1.8582383649617784	0.0	0.0020598716701822825	0.0	2.2394086584734363	0.015665417793964128	0.1331207466807169	0.03163059810027463	1.8116384570346231	0.0	0.0	0.0	0.0	0.04718594859013649	0.0	0.0	2.134440240438862	2.370705378142857	0.0	2.654796736634585	1.9151482172082808	0.0010621387673732255	1.7513557031966869	0.0	1.6987620884429486	0.005912298423916946	1.6951403257996214	1.4210058969813468	0.0	0.02467500848372389	0.0	1.8812500317491203	1.9521364193155304	0.0	1.7105680593198072	0.019256776135595118	0.0	0.0	0.0	0.0	0.0	0.0	0.08086972974303329	1.7878199615267687	1.691076259916924	0.0	1.750684832914512	1.7503875139806506	1.725169440561864	0.0	0.0	0.0	1.905309366002107	0.0	0.0072205213911331065	0.0	1.7156816381328326	1.9549282788136109	0.0	2.0007420737630746	0.0	0.0011505075172190287	1.8566008295702905	0.0	2.18232198215385	1.7198357333380554	2.317907653941216	0.0	0.008846128221333053	1.7687820244691297	0.0	0.0	0.024345834695414702	0.025338129912805242	0.0	1.9521313262072024	0.0	1.9675279581920069	1.8980070174540336	0.0	2.5511365915520865	0.03293245238442686	1.9449021912032147	0.0	0.0	2.1559571551527266	1.6854103236173168	2.1787145325236814	0.0	0.0	0.0	0.0	0.0061985667178481	1.7406936473222854	0.0	1.3531257468356859	1.6883203930372628	0.0	0.012625402939861672	0.0	0.03913674573067503	1.5924080302210226	0.0	1.8397397243346385	1.7125278950948843	1.9220119499130093	0.0	0.0	0.0	0.0	1.0213036366169246	1.7019077002498288	0.0	0.0	0.0	0.0	0.0	0.0	0.015462139685800975	0.0	0.0	0.0	0.0	0.0	0.0	0.0036036722137164773	0.0164575265022076	0.0	0.0	0.0	1.7873617346731978	0.0	2.059628315158548	0.0008780041576552207	1.4822233124250117	0.0	0.0	0.01564462757751216	0.007523050706947421	0.006932016612044472	0.025453969005825045	1.95656887969788	0.10707441680245193	0.0	0.0	0.0005234439243974216	0.0	0.0	0.0	1.7820057045210769	0.0	0.0	0.0	0.0	0.0	0.002581100742963496	0.026583731343221385	2.1677403737078333	0.0008700752733212204	2.0479176264473287	1.6714413078505668	0.0	0.0	0.0	0.0	0.0	0.0	0.0317935872743455	0.0	1.8999722773092609	0.001193844920920102
g41	0.007561723741981845	0.0	0.4890004810072248	0.9118470790181532	0.003154314839275867	0.0	1.5879738139503	0.02211113236016971	0.007286763292796355	1.1966164921057396	1.905837585463389	0.0	0.0	0.0	2.239624189524167	0.0	0.0	0.0	0.0	2.0403913806085088	0.0028081736447357307	0.0	1.7216289311879875	0.013816948988032714	0.0	0.5261637169882663	0.04510253027940901	0.0	2.050600441234955	0.0	0.0	0.0770986769597975	0.0	1.7591151558970926	0.0	0.0	0.0	0.1606187004890382	0.0	0.0	0.0	0.007581498652797859	0.018999080172367875	0.0	0.0	0.0	0.0	0.15755588712736346	0.0	0.0	0.0137093162019245	0.0	0.016202505817651442	0.0	2.289953217722746	1.5205896207563407	0.0	0.02664210049076129	1.417447151881858	0.5703117264041438	0.1070830955532995	1.6466874045646718	0.0	1.855107483637028	0.0	0.0	0.0	0.0	0.0	0.0	0.19478576513283616	0.0	0.003209238363311679	0.0	0.0	0.011994525809797308	0.0	0.0	0.017708807533413112	0.0	0.005533338223318062	0.0	0.0	2.438917761437329	0.0	0.0	0.009373057635800016	0.0	0.0	0.0	0.7438465909192794	0.0	2.6624831607815698	0.00011857319113331824	0.0	0.0	1.3781176200129273	0.0	0.0	2.068422258798301	2.746821039437539	0.0	0.0	1.4118450432210108	0.0	2.2489413061962416	0.0	1.3883619392204711	0.0	1.1349182356744436	0.0	0.0	0.5988291533692229	2.08927539659801	0.0	0.0	0.0	0.008226269179854778	0.0	0.10066375063929604	1.8488158625877635	0.05517479872542274	0.0	2.2416410038152943	0.010973381050122305	1.6052477826705318	0.0	0.0	0.04421639011011149	2.667700519968748	0.023703414240756296	0.0	0.0	0.0	0.0	0.0	0.0	1.8020838917265376	0.1040579465447694	0.2143856356263224	0.0	0.0	0.0	0.0	0.0	2.1878873171361657	1.5486778516189628	0.0	2.2777809191596514	2.148857926219715	0.0	1.4605907246088046	0.0	0.08400533431587766	0.0	0.016323794899475316	0.0	0.0	0.03014928460737628	0.0	0.0	0.0015890966940243945	0.0	0.0	0.0	0.0	0.0	0.0	0.0	0.0	0.0	0.0	1.7554306660975434	0.0	0.012984351161996014	0.0	0.0	0.05518944976312051	0.002637934426309562	0.0	0.002956801694073281	1.090601963167996	0.013060821983732469	0.0	0.0	1.5289909606651932	1.5675699881390774	0.0	0.0	0.0	0.006312747471873133	0.0	0.042460925449983235	0.0	0.0	1.8115653432870416	1.5349591522210386	0.02306777153335283	1.8685778102823911	0.0	0.0	0.0	0.0065473084294685934	0.0	1.1127102824100248	0.0	2.2323478720809167	2.441142351532236	0.032323528917768324	0.0	0.0	1.8056337226817936	0.0	1.2492241991401156	1.7029046032449715	0.5182175484598225	2.27195672569806	0.0	0.07351614529705418	1.7868991835243868	1.5754145488194338	0.0	2.2020268336985724	0.0	1.4425519230907358	2.038489592302964	1.8156598414358296	0.0	0.1902221619814856	0.006907828189939409	1.675102280396369	1.9476966858155127	2.5522899360537674	2.671749009193346	1.7805448501863157	0.03231137428768717	0.0	0.3764670913514721	0.0	1.841196585990808	0.0031414000467640322	0.0	0.0	0.004871749069917417	0.0	0.0	0.0	0.0	2.2552488956534336	0.0	1.9598831992167656	0.014817227632009381	0.0	2.035515968142433	0.0	0.0	0.0	0.0	0.0	0.0	0.0	2.433432562137164	0.0	1.904123149440785	0.0	0.025547080818430733	0.0	0.0	0.0	0.0	1.59581317713496	0.0	0.012230072959661385	0.0	0.0014669042884614748	0.0	1.6503697408352451	0.0	0.0	1.8919869270880432	0.0	2.0250184861929426	0.0	0.0	0.0	0.0	1.7179643228652886	0.0	0.4773210065138357	1.6186131971687776	0.006149109491994028	0.0	0.01332240246010912	0.011858584394904769	1.9793352622650624	0.024313314126424918	0.01970979463301151	0.012341830453905472	0.0	0.0
g42	0.0	3.0674118818555427	2.726845871420032	0.0	2.5248448367403915	0.0	0.0	0.12731348794058625	0.0	2.214197189179663	3.1154199281995347	2.3666055093185423	0.0	0.0	1.8775472909739501	2.508552448626361	2.5904646184297784	0.0	0.0	0.0	2.168504357279025	1.9318188108372552	0.0	2.8677919420019014	2.1687433354310137	2.3872930452136423	2.2514034021687643	1.6942274915169242	2.5653801874210567	2.5842816896907634	0.10534237845752303	2.5728480500167192	0.0	0.0	0.0	0.0	2.234897553308345	0.0	2.889713741165583	2.0091174049002323	0.0	0.0	1.756667172243244	2.593641806379184	0.0	2.486268963048377	2.4256006919346507	2.4921342413897296	0.0	0.0	0.0	0.0	0.0	2.4790668747728324	0.0	0.0	1.7268003425169185	2.015767960595092	2.2505414843414817	2.739439927611212	1.1519008355152482	2.051850317203904	2.5253729810275027	0.0	2.3681264499821464	0.07161662738441164	0.0	0.0	1.3446289913379266	2.2706477821327526	0.0	0.0	0.0	2.815274593409192	2.573741103277244	2.4481150731559187	0.0	0.0	0.1885172839836866	0.0	0.0	0.0	0.0	2.352145121897776	2.7462755652221458	2.489252496890551	2.5877694611348807	2.2951184634393456	2.5447777918534777	0.0	2.6257850298015564	0.0	2.5803756160300333	2.1022493869144805	2.2008643111724657	2.56091580187066	0.0	2.570654852730409	0.0	0.0	2.7208395905659293	2.8658932652263283	0.0	0.0	0.0	1.9267006834626463	2.5866787270673166	0.0	2.1658087815941442	2.2192771677541185	1.915500694809286	0.0	2.5224204163200707	1.970456513982076	0.0	0.0	2.5547476142892203	0.0	0.0	2.454872657949712	0.0	0.0	2.7228073412331053	0.0	0.0	2.06649516165566	1.8814079216035715	0.0	2.891822462070694	0.0	2.1939771466301328	2.6481683206102167	2.7348332680306173	0.0	0.0	0.0	0.0	2.252238559246107	0.0	2.4696475513708727	0.0	2.598952180675981	2.22922703919364	2.8823924208971987	0.7260605517158636	2.4801128157674763	3.0661741478913687	2.000173934118758	0.0	2.2628511170733296	2.0602760363696038	2.3494134949574543	0.0	0.0	0.0	2.5415594733745386	0.0	0.0	0.0	0.0	0.0	0.0	0.0	2.2303047455243146	0.0	0.0	2.488218095183212	2.5152165120190952	2.7076764057985363	2.4175807753365044	0.0	2.5400273563986744	2.6915984463051053	2.3218126549431304	0.0	2.434060398393928	2.3263899955604317	2.6860727001652123	1.353169934623584	0.0	0.0	0.0	0.0	2.05305524997573	1.9017862549051865	2.4170689204256117	2.2848794837270625	0.0	2.574468993911725	2.402385118204553	0.0	0.0	0.0	0.0	2.4169207473892853	0.0	2.913919443315641	2.7065608625100315	0.0	0.0	0.0	2.5131444907506277	0.0	2.0917484746903026	1.7274683716266668	2.2265626648626573	2.2590687430443825	2.4166166126716284	0.0	2.2228446539798847	0.0	0.0	0.0	0.0	2.2906562359701748	2.3461340909061	0.0	0.0	2.595265472053145	2.4753358829809287	2.4218832344958714	0.0	0.0	2.8301529908216048	2.3609513080819844	2.0710032822308904	2.580408652333205	0.0	0.0	0.0	2.751232015299572	2.6103361166160446	2.5767648104692245	2.5907637336372797	2.880931822611084	2.2151259934786416	2.4437031468656096	0.0	2.703698485229661	0.0	2.5060401886245365	0.0	2.588343204200969	2.5410968837534402	1.9409509360331008	2.4887773504960125	2.4544631692546464	2.138070882317248	2.8349535629439884	0.0	0.0	2.4111794413208623	2.266260862442765	0.0	1.7197554106272048	2.9130992042344963	2.682324561829666	2.850706028900169	0.0	1.5902155988688074	0.0	0.0	0.6468539631711934	2.523849138514811	1.2486039241905884	0.0	2.9780336617867444	1.8897088309964685	2.589758881005336	2.457276386342332	0.0	0.0	0.0	0.0	0.0	0.0	1.4993595446793586	0.0	2.9830752089676023	0.0	0.0	1.833260567724232	0.0	0.0	0.0	2.0142578718255257	2.4495806888608818	3.0515104305466703	2.2662935945157416	2.5645318579166116	0.0	2.2289760733082407	0.0	0.0	0.0	0.0	0.0	0.0	2.3100657355943577	0.5490267271541636
g43	0.010649536545204966	0.0	1.8002094415861138	0.0	0.0	0.0	1.8189551270050577	0.015895301556388373	1.8989910984890723	1.5497122227980775	0.0	0.0	0.0	0.0	1.8582792963756816	0.0	0.0	0.017060586625900483	0.001330011978071052	0.0	0.0	0.0	0.0	0.0	0.0	2.43868056663605	0.0	0.0	1.8055028472837715	0.0	1.8846309080141903	0.014296045971314009	1.5295889720463949	2.113208151833172	1.7923611607672771	0.0	0.0	0.0	0.0	0.0	0.0	0.0	0.0	0.0	0.0	0.1940886529812573	2.1233021425366405	0.0	1.9517964899075069	2.2202635552081857	0.0	0.0	1.4469399708326935	1.6381413587740588	2.051434506551998	1.9603415986450985	0.0	0.0	0.0	0.0	0.15557362108524025	1.9887784714732728	0.0	1.983776047556545	0.0	0.0	0.0	0.0	0.0	1.9858397479174217	1.8984991642021003	1.8553498789954543	2.1580993617209447	0.0	0.01310966732027864	1.855835889006559	0.0	0.06585205036796729	0.0	0.0	0.0	0.0	0.0	0.0	0.0	0.0	0.0	0.0	0.0	0.0	2.3769726243366955	1.9530519159374664	0.0	0.0	2.024350601612193	0.0	1.27730413678016	1.9611135557205281	2.0931285565405693	1.8510426564538487	1.9647975261466568	0.0	2.012093091187652	1.7078261207628176	0.011137333796215558	0.0	0.0	0.0	0.0	1.7899357144205483	1.910935850683489	2.0385382057580226	1.6378760333036406	1.5449100770114887	1.8337469886316584	0.0	0.05578180951909408	0.0	0.0	0.028817597968026173	1.6110091938862672	0.0	0.0	1.6793565082498256	0.0	2.005934487234485	2.0482587027818093	1.539359020354363	0.002773519616019634	2.0903048457637325	2.021834136520595	0.29238590760583355	2.194589430136821	0.0	0.0	2.0988368436553366	2.003627894010056	1.805568807276884	0.0	1.8738869175128896	0.0	0.0	0.0	0.0	0.11549492334977975	2.261193727877598	0.0	0.0	1.9103907992454576	2.221818852431287	0.0	2.120719396982236	0.0	2.0004140566705466	0.07795989508583588	2.3297753636020766	1.7847316077482378	0.0	0.010820951568860879	0.0	2.0316758671638686	2.3230347145982773	0.0	0.0	1.7768247881874468	0.0	0.0	0.0	0.0	1.866569983787864	0.07145698315574828	0.053244789099016566	0.0	0.0	0.0	1.9395149456946144	0.0	0.0	0.0	0.0	0.0	2.1351001772511222	1.6694773778148595	1.0508360208683118	0.0	2.1549670180754066	2.1820909736191783	2.8172879771750807	1.960824616165192	0.0	0.022797853156783586	0.0	0.1606455645227014	1.8339984570487091	1.8780449652958708	1.9437258103383857	2.147064716497641	0.0	1.9639582206768849	1.3482988955558701	0.0	0.0	1.5678581871727073	0.03500886142615736	1.8789058662793905	0.0386842563437821	2.2538515593252355	1.870936148997964	0.18869570264907606	0.0	0.0	1.9216888213679948	0.0	0.0	2.0807942541692057	1.7620156277438552	2.121711216254321	0.0	0.0	1.993222854674353	0.0	0.0	1.9583579171469567	0.0	1.90735453019748	2.259337530097034	2.2560442415001103	0.0	2.2257542115308397	0.0	0.0	1.8262929045367369	0.9550975651873824	0.0	2.1096119148228136	2.044252596228176	0.0	1.9586438233242427	0.0	1.255394661492241	1.8464962028084315	0.0	0.0	0.0	0.0	0.0	0.0	0.0	2.082668910906893	0.0	1.986044103601745	1.8768712424926457	0.0	2.0766414754901827	0.0	0.0	0.0	0.0	0.0	2.270762648456246	0.0	1.7779655875890834	0.0	0.0	0.0	1.4493955464038066	0.0	2.1382849333558824	1.9281354692470023	0.0	1.8510467704594824	0.07527099836617729	0.0	0.0	0.0	1.8731829526935608	1.80836075683868	0.0	1.764896178207125	0.0	1.9352885820249908	0.0	0.0	0.013358253080405709	0.01822969482812652	0.1838178467816048	1.917664502718022	0.0	2.018857630247291	0.0	0.0	0.0	0.0	2.8135811970616507	1.5631587570835626	0.0	0.028224371689205288	2.3096517267528256	0.0	0.0
g44	1.9589775979395327	0.0	0.0	0.0	2.084401481012189	0.0	0.0	0.0	1.9683419595463647	0.0	0.0	1.7853979445817934	1.9704301160130209	0.0	0.0	2.2092377978307787	0.0	2.2322129590868607	0.0	0.0	0.0	0.0	0.008379719886338361	0.0	0.0	0.0	1.2962416777212582	1.675175988625495	0.012906932871694816	0.0	2.5791587042590125	2.337341751710856	0.0	0.0	1.0304954543977755e-05	2.175232941032097	1.8560926205819457	0.0	2.840383083724843	1.7067838803700954	1.3596674010930332	2.198944212807449	2.158952928996834	1.987283141869069	1.8911802368324464	2.0104511064560358	0.0	2.490912993135452	2.087611272466116	0.8171497133285833	0.0	1.6047085651382946	0.0	0.0	0.0	0.02623306641567342	0.0	0.0	0.0	0.0	0.0	0.0	1.704497620750589	0.0	0.0	1.98907796301888	2.173099682071766	1.7469930688101067	0.0	2.3718698086727144	0.003673600908585396	0.014491773773897747	1.9459380200580558	1.5219946580514228	1.6697483100617272	0.0	2.139032284089976	2.24030654169574	1.9730660575938983	1.87783590708924	1.7045960811504457	2.545861522308784	0.002186416478271643	0.0	0.014571449176910637	1.5728931081587199	0.0040994666653597816	0.0	1.8916645557545384	2.0246880427490086	0.07330705519164771	1.8510993761957424	0.0	0.0	0.0	0.0	0.0	0.0	0.0	0.0	0.013590236255235548	0.02047066498993817	0.0	0.0	1.9203823047988915	0.04501284197261498	0.00786689464826932	0.0	1.6502377307871303	0.0	0.0	0.0	0.05745581773484256	0.021214065236613632	2.1310491057075733	2.0435156343336534	1.786402613594105	1.9632870601749497	2.026475084375219	1.7084445284528464	0.0	2.5851879312953696	0.0	0.0	1.9229395700959773	0.0	0.0	0.0	2.145441007587888	0.0	2.6797429518130307	2.0440759475514514	0.0	0.0	0.0	1.909428284622526	1.5975405642482383	0.0	2.1003903108363926	0.0	1.6220821365384623	0.0	1.7812711777913668	1.899653886371896	0.0	0.0	0.0	2.433808366738023	0.0	0.0	1.9183290259587904	0.0	2.3129957693789582	0.0	2.008483108656525	1.6402443237111075	0.0	1.9110016763131048	2.0960011820526003	0.0	0.0	2.071172439116417	2.11182672039059	0.0	0.0	1.9007131988882016	2.0954565120653483	1.980109188446913	1.4771086805361815	0.0	1.3951834959990341	1.9989169047342583	0.0	0.0	2.4384498952780915	0.0	0.0	0.11925378702504047	1.9924308977623904	1.9136302248426016	2.0727788338991315	0.0	1.9373011601567127	1.7635687599155645	2.445377099467476	0.015871640047028332	0.03490654534010064	2.4498826126843136	0.0	2.1283001316873147	2.106175555814671	0.0	2.070163118592852	0.0	0.0	0.0	0.0	0.0	0.0	2.207701214242875	0.0	1.9599008256222468	1.9880523360475384	2.284542932441137	0.00026105070620663064	1.8214460625562745	0.012556086177114446	0.08586248696618984	1.4837459808341142	0.0	2.5652918354634497	0.0	0.0	0.0	0.04628135208222044	0.03089002861351521	0.0	1.8532452887367192	0.0	0.002655913298680546	0.0	2.132091162713368	0.046143711892879705	1.8568955028693441	0.058117096645895414	0.0	0.0	0.0	0.00622200004968961	2.4426693393192744	0.0	0.014068224949944308	0.0	0.0	0.0	2.3159338674324594	1.8122093204269432	0.0	2.1422309835355566	0.0	1.6506992080493608	1.5689146287968228	0.03553386899415843	2.249553105982394	1.9446492620116893	0.0	1.6311267018401152	2.577796911255584	0.0	2.152713188273873	0.05457505754204719	0.0	2.0795431785665586	0.0	2.8024400585522042	1.9477585952368472	1.9942887115947296	1.943851014551592	0.0	0.04154582050747347	1.9336627285875008	0.0	0.0	0.0	2.1414111366885247	1.859296935340535	0.0	2.273851233285166	2.401368263832913	1.7696586917023691	0.0	1.9497521526974568	2.0753006413094788	0.0	1.9215096090661783	1.4551191654022535	0.0	1.9214156622845144	0.003244074579787345	0.02531279897976215	1.3050601860534552	0.002681693640016573	2.0486011924236545	0.0	2.640644986101461	2.0420642685763464	0.0	2.039527900955388	0.00645486217233268	0.0030362889232731123	2.520609014950608	0.0	0.0	1.9155875805086249	0.0	1.6983945191548429	0.0	2.196709000067885	0.0	1.7045514643921535
g45	1.069088604199328	0.0	0.0	0.0	0.09787774828939153	0.5152591792872092	0.0	2.1277606483421048	0.0	0.0	0.0	0.0	1.4739572479158265	0.0	0.017266346424664885	0.0	0.0	0.0	1.7161886781480031	0.0	0.0	2.0971984917639306	0.0	0.012365889193599334	0.00017010236080421408	0.0	0.08700429332730376	1.7733330151032756	0.002443006496705105	0.08447819294735105	0.3137605997390778	0.0	0.0	0.0	0.0	0.009396835153052023	0.0	0.0047682647523022035	0.2666605211106241	0.07214298784518385	0.0	1.9753346256632731	1.5432270142471558	0.05239974841655776	0.008680966018002428	0.3648027209576651	0.0	0.0	0.13861232461825607	0.0	1.4952869965561977	1.6709245087031743	0.7090099843122754	0.0	0.0	0.0	0.6434380815818844	0.003857146814395537	0.0	0.0	1.7388282627499505	0.10018680079337693	0.0	0.00040805327761250657	0.0	1.0773194375583266	0.0	1.8466493501345047	0.0	0.0	0.0	0.0008748904309056373	0.0	0.0	0.026090499129025668	0.0	2.0115385854043617	0.02862245189577908	2.103884642414751	0.0	0.0	0.2492448886439449	0.0	0.0	0.0	0.8755107833736252	0.010056718392339587	0.0	0.0	0.0	0.0	0.004667576970361418	0.0	2.121008712803331	0.0	0.0	0.015998437048302203	0.0	0.0	0.0	0.0	0.0	0.01176183636419378	0.02204378040031469	2.044963498611231	0.0	0.00034726712464461956	0.010046585172487276	1.638715704702022	0.0	0.0	0.0	0.02486179802202056	0.0	0.0	0.00458990365423133	0.0	0.0	0.0037158212281061627	0.0	0.0	0.0	0.0	0.0	1.5442717351886093	0.0	0.0	0.0	0.015285381115425796	0.0	0.0	0.038411900127294674	0.0010893915203555617	0.0	2.218044284765288	0.005661645611907028	0.0017530945249863207	0.0018974841767080985	0.5715948023399756	0.0010476717368099095	1.8520685556301684	0.015783136179915225	0.003348419651079868	0.0	2.23275840935011	0.0	0.00210506429020106	0.004449206717130079	0.03828480482125933	0.0	0.5940175767605396	0.0	0.0	0.00524715089391355	1.6567235534452218	0.0	0.017891174265959892	0.6469082746775592	2.1970047517081586	0.0	0.0	0.0	0.06669458089765988	0.012225184478034171	0.0	1.2468528587962642	0.0	0.0	0.23688692901598865	0.11230924077854278	1.1411292842960408	0.02435397132060454	0.005949248870773664	0.0	2.053328423492394	0.04048361149204728	0.08205931166825409	0.0	0.6968429082838653	0.09278031187894524	0.06872939978219336	0.09250095518058532	0.0	0.0	1.9639792303450168	0.0	0.0007322589487252556	0.017092480350957808	0.0050101075319766855	0.0	1.47836164256621	0.0	0.008391041562578447	0.0	0.003811388480830044	0.0	0.0	1.9545084592094224	0.0	0.008782893551039703	0.0	0.0	0.0	0.0	0.003050184863787891	0.0	0.0	0.0	0.4594895010491346	0.0	1.4517717208085377	0.0	2.151434511903658	0.0	0.0029228358129161913	0.0	0.0	0.0	0.0007634145568210997	0.0	0.0	1.5825434699716356	0.009163389361204793	0.0	0.0	0.1649118774730387	0.004961181548712695	0.476745953930075	0.0015151589794973313	0.15870321584289626	0.0	0.0	0.0	0.06980578561746525	0.0	0.002929466991359348	0.022230447584848326	0.07042613262478539	0.0	0.0	0.0	2.1043930573914693	0.0	0.0	2.7288210840616585	0.06953044641494267	1.7917050847178564	0.0	0.0	0.13442281213591578	0.0	0.08397471226300372	0.0	0.0	0.4810133522368759	1.6077232227456346	1.0028608215729122	0.0	0.0	0.1171712330883947	0.06264222608617387	0.0	1.406019739391135	0.02394725228520744	2.630136382907841	0.0	0.0	0.0	0.0	0.00051552882996734	0.0	0.4527394671863214	0.0	0.002645682136623874	1.6739760073503671	0.17706999308912438	0.0	2.639261511763882	0.014946473751363428	0.04174120722845042	0.09935020088816596	0.0	0.9612559046103968	1.8919395698068133	0.15629883228495556	0.0	0.0	0.0	0.0	0.07570283750978414	0.002018134710604554	0.0	2.4286613574622242	0.0	0.0	0.0	2.103518854327816	0.06500422780369919	0.0	2.498348216017185
g46	0.003428568505768766	0.0	0.015136943688901347	0.0	0.0	0.0003308065527502984	0.06442276243548785	0.0	0.0013320062440788855	0.08119043578775094	2.2554429347478857	0.0	0.04833769816844957	0.0	1.9212776433909045	0.02567468525468897	0.0	0.001979479466279123	0.0	1.2773856974922777	0.0	0.0	1.4718592059841975	0.0	0.003398872992828818	0.1133564248486426	0.0	0.04275459137404479	0.0	0.05867985174702186	0.06109874558967277	0.031205631057319206	0.0	1.8941923510159309	0.002674289191444865	0.0	0.0	0.0	0.0	0.0111616028312772	0.0	0.022392719538257173	0.008867601415633568	0.0	0.0	0.0	0.0	0.005983992666468374	0.0	0.0	0.010628951303272393	0.0	0.0	0.0	1.8252720802403248	1.2539313243705543	0.031296764403993496	0.0	0.061939697880621626	0.0486074665014499	0.00509666461033543	2.268440885872274	0.0442135536761475	1.6311130367351536	0.0	0.0	0.0	0.0	0.0	0.0	0.023048379393168308	0.007844932938044094	0.021309009181157475	0.0074008723254182845	0.06922627925405826	0.0	0.0	0.03142666855274981	0.08204153537212959	0.006728041156653438	0.014237740479815368	0.0013300425436224487	0.0	1.5196303799214224	0.022052653723149025	0.0	0.011509429586984988	0.0	0.015680367782382257	0.0014873143728786342	0.0020591640564203337	0.15376773424630752	1.6028915966418813	0.0	0.0315196219292849	0.007284172479291244	1.562656952053366	0.0	0.0	2.197355172698231	1.8884814782099248	0.009043173311640385	0.0	0.047896734954306616	0.0018922688891253184	1.3589009368972198	0.0	1.6774281498758885	0.009612273764481814	1.8531483418903003	0.0	0.0	0.0	1.858994150014949	0.0	0.0	0.0	0.0	0.0	0.0	2.2152803272540007	0.0022318369808165647	0.03083661405109215	2.0717714473781688	0.0	1.269911741491936	0.0	0.0	0.0	1.7446500459750915	0.09308238432549697	0.0281378936380718	0.0	0.0	0.0	0.0	0.0	1.9705468827039911	0.0	0.0	0.05567901975034053	0.0	0.0	0.029376477800331095	0.0019745483596246035	2.061243835779301	0.617373668604435	0.0	2.096397996460841	1.885018766600433	0.04046678797730456	2.041752915613472	0.0	0.04885660291618879	0.0	0.0	0.0	0.0	0.0	0.0	0.005674929984504818	0.0	0.0	0.07535421831702926	0.02792920669080354	0.0	0.0	0.0004696212854158252	0.002379664854636287	0.0	0.013526367954398079	0.0	2.1012344160979155	0.0002761689645558889	0.0	0.0	0.0	0.0	0.0	0.0	0.006433468822821964	0.0	0.01743471975714121	0.0	0.0	0.7953150850848165	1.7986392081231128	0.0	0.0	0.0	0.0	0.04961181593164505	0.011473447151031263	0.0	0.014698816929381704	0.9685219488280392	1.7714665684671789	0.0	1.70689129141017	0.008793370955539025	0.010354348331194032	0.0	0.08627916547979643	0.0056783141731968365	2.2351391548954265	0.0	1.3165199351527237	1.6800447298673498	0.006802598213964622	0.0	0.06608207912560903	1.4773565200461043	0.0	1.7791523324271314	1.6885570355976038	0.07359794674481708	1.6408854237132378	0.0	0.05011168667984248	1.6793924937828253	1.5624278833833942	0.0	1.1526445732334305	0.0	1.5630300184610069	1.1547204516978544	1.7605065954678456	0.0	0.007201417793453841	0.0	1.6003096687155725	0.9461211076821416	0.5995820181519959	1.6179460045548604	1.9046654251205248	0.0	0.0	0.0013929550702215555	0.0007419866181065679	1.738321558125372	0.0	0.0	0.0	0.0	0.07824870780292982	0.0	0.00742337873912192	0.0	1.5510039619733758	0.0	2.0090815852625257	0.015675787310185388	0.07065514105630888	1.5573293204817975	0.0	0.0	0.0	0.05096264794787049	0.002878280104366008	0.0	0.0	1.942946302254915	0.035516465894749175	1.5602953923371687	0.0	0.001	0.0	0.0	0.0	0.06549018746406432	1.7944311733568497	0.0	0.0	0.0	0.0	0.0012013157685589095	0.0	0.011069273215328034	0.01260165151465267	1.6777417315905343	0.0	1.8668382647727937	0.0	0.002989429840947456	0.00015514012187053602	0.0	0.6512608335409735	0.0	0.0	1.7818932115019126	0.02210108791409573	0.0	0.01363989256469512	0.0	1.7740571255885411	0.0	0.0	0.0	0.0	0.03670634049912851
g47	0.0	0.0	2.811915889012944	1.4478731069178081	0.008791736641359547	0.0	2.2187029045924818	0.0	0.0	1.9483667321246885	2.132866226712051	0.0020304092083521237	0.03556342491680003	0.0	2.9121075214191703	0.0	0.0	0.0	0.0	1.5326137466027527	0.0	0.0	1.3040378898076592	0.0	0.0	2.181511274603817	0.0	0.0	1.7810090931690448	0.0	0.0	0.0	0.0	1.5851624635465902	0.6153472555609775	0.014311817941908991	0.0	0.0	0.0	0.0	0.0	0.0	0.006738233491120819	0.0008562062952813638	0.014823307124499856	0.0	0.0	0.0	0.0	0.03166700660674008	0.0	0.0	0.0	0.1427776296854706	2.210265222280175	1.6167738192488186	0.008059857442828795	0.0	2.3137043586621617	1.8947679845639311	0.0	1.2071937563814146	0.03792809631953136	1.93413147778438	2.0306625618328784	0.01845451393218336	0.0	0.0	0.0	0.0	2.346794607756529	1.5117524199838133	0.027025105931287704	0.0	0.0	0.0	0.0	0.0	0.0	0.0056678795620276785	0.0	0.0	0.0	1.8516951401303088	0.15501708407366194	0.0	0.0	0.0	0.0	0.005450008585379229	1.5644752041050534	0.00021815697938515864	2.1768990131947463	0.014123220148512371	0.00033988058839838625	0.04666351624247593	1.5967158806194526	0.0	0.0	2.147336418528098	2.0517336539060977	2.437778682148393	0.000907765252932408	2.0491808758457446	0.0	0.0	0.0	1.9926046074768364	0.0	1.4104664888594682	0.0	0.0	1.704014236098239	1.5803075540048883	0.004777821237325815	0.07249289486178333	0.0	0.01285000155966999	0.0005853414027726846	0.036957317100547636	2.0969801456041126	0.0	2.1871184667245345	2.4634636532586134	0.0	2.129398627822477	0.0	0.0	0.0	2.3248766322907035	0.0	0.0	0.0	0.005830388495834944	0.012153160963577929	0.010406560096092421	0.0	1.9419068358303435	0.0	1.8865111499294644	0.0	0.0	0.0	0.0	0.019224096081981917	1.9026176106828456	1.624090775892103	0.0	0.5549606947809432	1.965008528071796	0.0	1.9912370698368629	0.0	2.024209545293605	0.0	0.0	0.0	0.0	0.0	2.6236439802647564	1.278488823395448	0.0	0.0	0.0	0.0	0.017707623751481973	0.0	0.015969038927145643	0.0	0.0	0.030215696723838517	0.0006030514597821537	2.005272698924998	0.0	0.0	1.7486177702833283	0.0	0.0	0.0010871292470289238	0.0	0.0	1.6142338601540418	0.0	0.05527395168311127	0.0	1.884183034941744	2.2900259043837567	0.0	0.0	0.0039217726020355035	0.0	0.0	0.0	0.0	1.8962471681332165	2.1241135806902847	2.2812110202575897	0.0	1.958563839267002	0.0	1.4316706680840214	0.0	0.04951193483129216	0.0	2.073276427837297	0.01877920786881156	2.3097590922781612	1.8125281235331567	0.0	0.0	0.0	1.7291276806918212	0.0	1.6888559346556462	2.114271255042989	2.0630885805418075	2.1716855325533864	0.0	0.0	1.5812615565303922	1.6376787421261956	0.0036289884248702133	0.0	0.0	1.2596073746943397	2.3058206329482283	1.7812842166690104	0.0015291310115882403	1.9390773276369484	0.07215416547093517	1.8602834148174283	1.5963298861069015	2.4669576577252985	1.750057331830037	2.08088295745655	0.04394906503342225	0.0	1.8742576405658968	0.011085882954767293	1.9086411546333548	0.0016292839678117964	0.0	1.5514093559753015	0.030604391111508436	0.0012925923372547141	0.0	0.0	0.0	1.7991704786545348	0.0	2.154692620354544	0.0	0.012812480850932144	1.725183679058894	0.0026984423260749306	0.012219274390719776	0.0	0.0	0.0	0.0	0.010401134585563916	1.7782623161159083	0.0	1.3262658876849267	0.0	0.0039963895966707965	0.0	0.0	0.0	0.050695795452912966	1.6752703593710565	0.00011727338411024728	0.0020750592759349366	0.0	0.0	0.0	2.2054074551829133	0.0005158613040918943	0.009251731519981285	1.2464163397371593	0.0	2.6043798208761246	0.0	0.0	0.0	0.0	0.5262142852497901	0.0	1.9259896537169428	1.394414003287339	0.0	8.924410126476289e-05	0.04106618097393026	0.0	2.4063243119686253	0.004048254464514249	0.021510820081398048	0.0108166558426415	1.5611268220409986	0.0
g48	0.0	2.032461625710167	2.1072189679214435	0.0	0.0	0.0	2.34579569076806	0.00615321679995295	1.8631315439529847	1.9399052336022957	0.0	0.00030551337372300555	0.014295302374631925	2.1070911097275964	2.1154118992269764	0.0	1.6735154834351338	0.0	0.0	2.06879065304745	0.6463692958329581	0.008978895585726301	1.9391690419215248	0.0	0.003332284824744337	0.0	1.5080576341112517	0.0	1.8963642198283537	0.0	0.01473922308260856	0.0	0.0	0.0	0.0	0.0	1.3856412583116289	0.0	0.0	0.0	0.0	0.00838960881448126	0.0	0.0	0.007628602400457408	0.0	1.8250604522519696	0.0	2.761570733718038	0.0	0.0	0.0	0.0	2.0596625686286467	0.0	0.0	0.0	1.2934820190777123	1.7893310090183052	1.928427153421199	0.0	0.0	0.0	1.894660735189717	0.0	0.0	1.5316784748240917	0.0	1.9281295972393937	1.7741832163964002	1.9089444036711816	0.0	1.9681821975651264	1.6859962924943632	0.0	2.0732916102233894	0.0	0.0	0.0	0.0	0.0017843511283642524	0.0	0.0	0.0	0.0	0.0	0.0	0.0	0.0009817768594192206	2.109173800220816	2.13594106727374	0.0	2.1456215128124905	0.0	0.0	0.0	2.1672503796394773	0.9050427398976508	1.8469431852920084	2.4004062513252578	2.386154617236673	0.0	1.5022681724575548	2.187513945842371	0.0	2.392515920149106	2.034369881554138	2.454187925490788	0.007078221815127886	1.8224536838550955	1.3939856710378502	1.743209203004762	1.9629409107857585	2.2768395872382907	2.0220229144819744	0.0	0.0	1.3277243538177026	0.0	0.0	2.150386545784717	0.0	1.8448378118471305	0.0	0.0	2.197888494560276	2.290306636658554	0.0	0.0	2.0110764520754483	0.0	0.0	1.707111237557924	2.244131218741626	0.0011287320246452948	0.0	0.0	1.5811045586348678	0.0	2.1136486685285227	0.003623191846977536	1.8221296264360087	0.0	0.0	0.013961820589238087	2.1929510070832468	2.4940603971006734	0.0	1.9980629240306202	2.3824814163164776	0.0	1.6247781092376363	0.0	1.9426134053846384	0.0	2.5131643452057646	1.866344851518705	0.0	0.0	0.0	0.0	0.0	0.0	2.0904615538567914	1.0135939679276849	0.0	0.0	0.0	0.0	1.9488394996804843	0.0	0.0	0.0	2.1705288883947147	0.0	0.0	0.0	1.4788528799086538	0.0	0.0	0.0	2.273340199614581	0.0	0.0	0.0	0.0	0.0	0.0	2.1611218774271217	2.3994648223235666	0.0	1.8944909218696	0.002367473625508561	2.2865025847284	1.960511328815265	2.0746514815874817	1.8996948528712083	0.0	0.0	0.0	0.0	0.0	0.003352449786658143	0.0	2.207730597053088	0.0	0.0	1.7898886224227957	0.0022329937102382076	1.8990305708603976	0.0	2.0035595500952703	0.007412437396283475	1.4949272931511932	1.9322326810123518	2.8624294530406904	2.2189614833125804	0.0	2.044977429761236	1.9663372548566724	1.6600657899524107	0.0	1.844402112672171	2.174485276385416	2.134850273464844	1.4476569516256352	1.9630032708235121	0.0	0.0	0.0005750847680685497	0.0	2.1645808320951825	2.148504060618056	0.0	2.0434505883393363	0.0	0.4791699232906459	1.9039463140585875	0.01503081099475009	2.235425901243521	2.4284062187320306	0.0	0.0	0.0	0.0	0.0	0.0	0.016505710891299586	1.234632941459474	0.0	2.1207821746984887	1.2752520132461471	0.0	0.0	0.004105951279050041	0.0	0.0	0.006446194838195299	0.0	1.5368808040271495	0.0	2.1952396466634507	0.0	0.0	0.0	0.0	0.007178664788275968	0.0	0.0	2.231589238502091	0.0	0.0	0.0	0.0	0.0	0.0	2.332627033449225	0.0	2.173758307239104	0.0	0.0	2.170616270506278	0.0	0.09863155618228532	0.0	0.0017724334202273567	0.0	0.0	1.968691279950412	2.4766271302355287	0.0	1.921986870401624	0.0	2.2951858627061696	2.1248533865237573	0.0	0.0	0.0	2.2807555266337864	0.0
g49	0.0	0.0	0.0	0.0	1.9910381333878573	0.0	0.0	0.0	1.8275815343286868	1.6852084928043016	0.0	0.0	0.5251054335941515	1.373566487651305	1.9682171222115001	0.0	0.0	0.0	0.0	1.8760336710046441	1.605781409249343	0.0	1.8327473275664048	0.0	0.0	1.913770338167456	0.0	0.0	1.7312382565855071	0.0	1.9451946053112152	1.645899992447482	0.0	0.0	0.0	1.945028258007324	0.0	1.1552586273297392	2.2069141409355746	1.9466672461127648	0.0	0.0	0.0	2.0755871331911133	0.0	1.6109427834932613	1.872217604120436	0.0	0.0	1.2834134047291073	0.0	0.3666181794480114	0.0	2.187807590082388	1.808076044747872	1.4750159498741515	1.5270857720522433	0.0	2.1893835665577264	1.6396491635284516	0.2162598736943344	1.7013039919486204	0.0	1.9959492801326728	0.0	0.0	1.9336941539835488	1.5988498538322689	1.9425342103853709	1.8444822363142401	1.8769526863786288	1.606426346983093	2.1550400998954333	0.0	0.0	1.3091846041010045	0.0	1.8348433096000467	0.04384208239529727	2.32496466449596	0.0	0.0	1.6263326086310703	1.953086021265244	0.0	0.0	1.8413891772434832	2.1452786523155467	1.841362571250127	0.0	0.0	1.358513016238521	0.0	0.0	1.3445386129637351	0.0	2.0302301357633605	1.8469182527699377	0.0	1.7117833312588515	1.9562708130235416	0.0	2.229949281978713	0.0	0.0	2.124008472611018	0.0	2.9093080848368325	0.0	1.3253411020588095	1.9140508220959007	2.0907458141705098	0.0	1.757560049400508	0.0	1.9011196818886424	1.7767923739440064	1.836280536026116	0.0	2.215524512839513	0.0	1.3901685909802888	0.0	0.0	0.0	0.0	0.0	0.0	0.0	0.0	2.6051124406085715	1.7612009333087328	1.4857942967095548	2.057549243476935	0.0	1.69177650565858	0.0	0.0	1.5240830298397448	2.033994336322685	0.10561171761438523	0.0	1.8805605549213984	1.819663452564147	0.0	0.0	0.0	1.7571959268295814	2.012924573419661	0.0	0.0	1.2215985214793057	0.0	0.0	0.0	2.0384579013797883	1.8912840960630581	1.8613453563285487	0.0	0.0	0.0	0.0	0.0	2.3688165530943897	2.20236514851148	0.0	0.0	0.0	0.0	0.0	0.0	2.3083361110001213	0.0	0.0	0.020991765505648092	0.0	0.0	0.0	0.4459261431659078	0.0	2.081929006545995	0.0	1.5205111164579896	1.2762984714898014	1.7530721978321744	1.900777988191512	0.0	0.0	0.0	1.31894069421225	0.0	0.0	0.0	1.6304473185572208	0.0	1.8244463311712644	1.8462347752995687	0.55086465143821	1.484814111984308	1.8639548655372105	2.0278139092593768	1.8774757958250001	0.0	0.0	2.2176701879695258	2.0110511575575045	1.8437180909441808	1.6946382299273297	0.0	1.5693871685347998	0.0	2.2425319459380555	0.0	0.0	2.1286648329547946	1.7266065222509301	2.2316113184249686	1.7445394848965856	0.0	0.0	0.0	0.0	1.4486835729777434	1.374332504439829	1.549090190899771	0.0	0.0	1.7031125291144351	1.5645888676757205	0.0	1.2406457561454478	0.0	0.0	2.0323421492554528	2.2556166778800426	0.0	0.0	1.8110003983676808	1.8593697117252541	2.127908145648978	2.3529167739750267	0.0	0.0	1.484152397781907	1.4860752863266298	1.8420552695830381	1.8287259329474936	0.0	1.896603469127531	1.9782949720356144	0.0	2.2353078772610413	1.9843587100404598	0.0	0.0	0.0	2.0257044933181274	0.0	0.0	0.0	1.8076095799528016	0.0	0.0	0.0	0.0	2.2489192836540486	1.6864293481608483	0.0	1.3119377938013894	0.0	1.81871116306732	2.0178708734363964	0.0	0.0	1.8890600512956508	0.5639474816200502	2.034685932583244	1.569845025293239	1.8326048039455256	1.9125951792006848	0.0	1.8865606771994727	0.0	0.0	1.8819922282832344	1.9439371536042367	1.8465597084807035	0.0	0.0	1.6562106281436728	0.0	1.8754674059132697	0.0	1.8086817295134336	1.5555505814161208	0.0	0.0	0.0	1.985911238804211	0.03479775923786292
g5	0.0	0.0	0.0	0.0	0.0	0.06763185898275938	0.036653590423135436	1.7534290835544226	0.0003790950762546937	0.033337384492125234	0.015879420911854025	0.0	0.2062119836482648	0.0	0.008044420117978138	0.0	0.0	0.0	0.029445915547956083	0.0	0.0	0.05287722618746797	0.0	0.0	0.0	0.02173721873829777	0.0	0.014994702876920209	0.0	0.0	0.15694571001144614	0.035674698284816016	0.03260014638758181	0.0	0.0	0.0020394690470743977	0.0	0.06274956794870451	0.0	0.0	0.0	0.18412113623298387	0.0	0.0	0.014615841953154548	0.0	0.0	0.0	0.0	0.0	0.0	0.0	0.2340851602971921	0.0	0.06595690247580087	0.034885981416726934	0.0	0.08438015396692225	0.023174842156686727	0.005276428212561017	0.1806412908110077	0.005917126094490313	0.0	0.031312767047406764	0.0	2.231428000603089	0.03486516118483075	0.20079749400744185	0.0024562563018250176	0.0	0.0009130545605389313	0.0	0.0	0.0	0.0	0.005144420531399734	1.2807740563044283	0.007505859066612031	1.5611572012349069	0.0	0.14644655170348084	0.03356335930308213	0.0	0.0637414061209244	0.0	0.0	0.0	0.0025607138892038504	0.0	0.029310138777704206	0.0	0.06592632378658979	0.0042303729849117325	0.029937995802945674	0.028600939215305644	0.0	0.001786030003823423	0.00827164038036647	0.0066379411978615575	0.0	0.0	0.010062648713255571	0.0013644481265402662	0.0	0.1075489604069812	0.0	0.0	0.0	0.08921731193119936	0.0	0.0	0.030118645417270964	0.014338465960501924	0.0	0.0	0.0	0.009103844823823105	0.008195565562258679	0.0	0.0	0.009366586679203898	0.0	0.019588885019228827	0.0	0.9496652751326784	0.029753463910056382	0.0	0.04895785156721617	0.013222727947260666	0.02399759939619138	0.0	0.000421237639126748	0.0	0.0	1.6437827412738486	0.0	0.047998301366270375	0.0	0.0	0.0	0.03232981413269973	0.0	0.006230336412009006	0.03322343917414655	1.2108063745109237	0.0	0.0	0.006348082348753231	0.0	0.0	0.0	0.11496608579955128	0.005106384940320708	0.004639207968985244	0.6273120819956924	0.0	0.0	0.0	1.6942187205081696	0.0	0.024953280690822692	0.12157388359659065	0.0	0.11032079756239983	0.030399934778391362	1.606400508923186	0.04643064241384181	0.0	0.11018123892756176	0.0	0.0	0.0	0.0	0.0133715170339412	0.9094121715590346	0.07933817652561914	0.05598493166516458	0.0	0.09762902273905093	0.00395039185464648	0.0	0.04328317745621342	0.03154398852094597	0.011998541609332142	0.02263433291746472	0.0	0.041166324480183834	0.03625337740895426	0.0481242195306666	0.0	2.2326465815723333	0.0	0.0	0.010621365834622176	0.0714363538517278	0.0	0.005082309827716512	0.05476335280920897	0.0	0.044305538713302485	0.0	0.0	0.006727542593706668	0.0	0.0	0.0	0.15291281539087698	0.0	0.003609533024396642	0.0	0.0	0.0	0.0	0.0	0.12949358730702756	0.04016619789419442	0.0	0.05829758317149197	0.0	0.004666206622297161	0.008693739914930082	0.0	0.07314964518047291	0.02929618760544002	0.0	0.0	0.0	0.048550315573953305	0.0	0.0	0.0	0.06447261780786367	0.0	0.015605476195068031	0.02126587601752591	0.0	0.0019021350577976914	0.0	0.0026846130128390985	0.0	0.09062110501531613	0.016778140916121242	0.02883702887843552	0.0	0.0	0.015440074686342476	0.02046677304749593	0.0	0.02344298490805789	0.0	0.029478879891434724	0.0	0.0	0.0	0.00334883046374605	0.0	0.0	0.0	0.0	0.0	0.0	0.002302629240840185	1.0446661020531165	0.0775070040643358	0.253849645973813	0.004571540031517807	0.000275088841533256	0.18410921967374588	0.0	0.04606323971260881	0.001169580828388909	0.010774595228246257	0.0	0.03839569457720995	0.05443224830194998	0.0	0.10547157596238764	0.0	0.09659335586188332	0.03032889405622757	0.0	0.0019963202968493717	1.9154764246320468	0.5625924860753846	0.0	0.0	0.06266229670071201	0.0061336889163581465	0.0	0.0	0.0	0.0	0.08980052717629884	0.010436555755053771	0.0	0.002957489368454797	1.417996606325329	0.0	0.04457884017153002	1.1699793068738829
g50	1.982357781970669	0.0011099901248866591	0.0012163872884245663	0.0013786616115895524	2.331884282559709	0.0	0.0	2.256366667450846	0.0	0.007504571746517355	0.0	2.297165766947072	2.0569105403174985	0.0	0.0	0.006851404549015175	0.015496059236145497	2.1292564509404297	1.4306702574024015	0.0	0.0	1.9885393286167208	0.0056223697222260215	0.035284703075331485	2.013034589605409	0.0	0.0	2.1310338225899543	0.0	2.156758408307701	0.032120405531570674	2.02214884258349	0.004251116767976888	0.0003510680507928373	0.058295392828007414	0.0	0.00878145700481595	1.758480680791308	1.7549824360364417	1.8616263376720488	2.2625482168234465	0.0	2.758780069844562	1.8614518412529613	2.0050041050736724	2.2557636338127263	0.008187778824299632	1.950423689579984	0.0	0.009558040175315514	2.6702641743642905	1.9616359545455504	0.0	0.0016120397476650384	0.015099761249907159	0.028869712488333605	2.4024776523900506	0.0	0.0	0.0	2.4917593261798774	0.0	0.0	0.0008534594447339495	0.0025534330754673844	2.0147989839227365	0.003400224918935764	1.2124983303431858	0.022014470666004968	0.0	0.0012231925015378658	0.002639051488369688	0.0	0.0	2.181938191198684	0.0	2.9007130477303007	2.3817256450590487	0.0	2.253850830533402	0.0	0.0	0.0	0.0	0.0	2.192126896951601	0.0	0.0	1.797486608479476	0.011424531938793076	0.02690460821700504	0.0	0.0	2.350927804356628	0.0	1.742704268533234	0.0	0.0	0.008129179657494521	0.0	0.0	0.0	0.02577633670590191	0.10872951126815307	1.8297249819944188	0.0	0.0	0.0	1.8288281868829388	0.0	0.0	0.0	0.0	0.022270478475245804	0.0	0.0	2.1289761039534585	0.0	1.4965079761966058	1.8646615335870664	0.015888376545602087	0.0	0.027973187642362427	0.016648997644714354	1.8827104265684884	0.0	0.0	0.0	2.3810682753658656	0.0	0.001239381542370574	1.804906367844634	0.0	0.0048445052620955924	1.983792936755234	0.0	0.0	0.0	0.0	0.005011281716912886	1.8558797979591328	0.0	0.0	1.8186065080430764	1.7782693384623258	0.008442761771616855	0.0249423307684764	0.0	0.0	0.0	0.0	0.0	0.7645148732578936	0.02500620353204215	2.3903645804617426	0.0	0.0	2.7504337662289777	2.0647406539468602	0.014429000225429926	0.0	0.007041660806858151	2.0112678104776007	0.007592069051518044	0.03213563644402585	2.6051486868409786	2.059400179198741	2.3665453523208635	0.0	0.0	2.007431032382938	2.330887129325375	0.0	0.11342545825540125	1.669471021761353	0.050470120967776325	0.0	0.0	0.0	2.224035810834305	1.9938473606419207	0.0	0.005048463260979886	0.0	2.420647585562162	0.0	0.0	0.002119413280722399	0.0	0.0	2.0808149017207485	0.0	1.901020222948204	0.0	0.0	0.0	0.0	0.0	0.08247400738864795	0.0	0.0	2.116556689041836	0.0	1.9836273544009275	0.01510135888644753	2.439997335271471	0.0	0.003716662948075615	1.9717137108449647	0.0	3.2636378100631616	0.0	2.487006634795823	0.006916356761488673	0.007710969001447272	0.0	0.031989494495324844	2.192551769043632	0.0	0.0	0.0	1.8262633409952087	0.0	0.0	0.0	0.0	0.0	2.1741486223037	0.003234112444771814	2.4703767384462663	0.0	0.0	0.0	0.0	0.0	0.0	0.0	0.02333614806122432	2.215369984767745	0.10994530043032563	0.0	2.208733397197464	0.0	1.7521289157722175	0.0	1.8162141369671807	0.0	2.8040168829884897	0.0	1.9116578307252523	0.0371149320945778	0.0	1.9303846714067232	0.10481030871996716	1.8459646991538805	0.0	2.1100197781457792	0.0	2.7721079255723606	0.0	0.0	0.0	2.116708501871726	0.0047873476218674655	2.3152999490337582	0.5994587653712966	0.0	0.0008658261181755994	0.003871935393372885	0.0	0.0	2.0706764627569445	0.0	1.9833560722299843	2.4301181114737966	0.045782193408971966	0.0006682487128794375	2.494086866349216	0.0	0.021650100859643216	0.0	0.0	0.0	1.768478340384024	2.175823773311324	1.950486265690736	0.0	2.090809634735111	0.0	0.0	0.00149634644511945	0.0	2.3851581881541524	0.0	0.0212804650003662	2.7352041106085747	1.729847992602103	0.0	0.0	0.0
g51	2.1741190235078665	0.0	0.0	0.0	2.4929012649750484	0.0	0.0	1.9704080279922602	0.0	0.0	0.0	0.0	0.0	0.0	0.01567141317001879	1.7217113902246657	2.1183751791441248	1.3394340846950226	0.0	0.0	2.436775545923368	2.2681237357782407	0.56380432485106	0.0	0.0	0.0	2.0498929657766043	2.033968045242212	0.0	0.0	2.3476390829847404	0.0	2.6128861967627666	0.0	0.0	0.0	0.0	0.0	1.4178583836671728	0.0	2.2662380475200368	2.4056921844548107	2.3947237898746345	2.5156643640567022	1.6665814290713108	0.0	0.0	0.0	2.13984509872133	2.078936036559176	1.6514324939718932	2.132083027246391	2.3250964118634547	2.2468886514710578	0.0	0.0	1.953905459963738	1.916183992651876	0.0	1.3563447281779184	0.0	0.0009612783107943948	1.5578748650955276	0.0	2.0304426499705768	2.6045539048290576	0.0	1.9640114486787352	2.109562749511296	1.816601001056632	0.0	2.2048099960688226	0.0	2.1269986929176947	0.0	0.0	0.0	2.3504802337583985	0.0	1.9065159766441224	1.72863264898907	2.0497523806185343	0.0	0.03864783689766868	0.0	2.153680596099526	2.195751416272877	0.0	2.4815405967387307	0.0	0.0	2.6354848966726547	0.0	0.0	2.1844690268054427	2.0976726709453217	0.0	2.549038759794072	1.5530205815599318	0.0	0.0	0.0	2.4900795251081043	0.0	0.0	0.0	0.0	0.0	0.0	0.4724161384226344	1.6885454082350824	2.131942567007404	1.0379884723571766	0.04599762077398087	0.0	2.420448481870803	0.0	0.0	0.0	1.7115237428749073	0.0	0.0	1.6331454642470582	0.0	0.0	0.17445949532655894	0.0	2.1510648962390624	0.0	0.03410091547690747	1.829534677180748	2.4678153032867667	0.0	2.1110735436605634	0.0	0.0	0.0	0.0	0.0	0.0	0.0	1.3311356135728651	2.2015079887079416	2.4332952572377997	2.060492233667449	0.0	0.0	0.0	0.0	0.0005395754646412397	0.0	0.0	0.0	1.633687164968871	2.3181812684290617	2.214938558388553	2.2247395717955616	0.0	2.346851161538124	2.061770066658525	1.9223667563500333	2.2041726543520896	2.4103157515842515	0.0	2.205492850437294	2.1253673010093683	2.129511627116361	1.4270616940179397	1.6751431783817554	2.3202015302672883	0.0	1.5650413288499183	0.0	2.129593636975513	2.1936039279515716	2.338460910182829	0.0	2.096703414115875	1.5410116736727442	0.0	2.5178308417004915	0.0	2.239483809016045	0.0	0.0	0.0	0.0	2.033892071796721	2.004214633573368	2.2836847971947263	0.0	1.8896168619092844	1.8368723249610328	2.1188145634142144	0.0	0.0	0.0	0.0	0.0	2.9691397311277923	2.5505245860848857	2.08709018779877	2.5442151489625777	2.284838146543541	0.0	1.907938639461136	0.0	0.0	0.0	2.204883901657544	0.0	0.0	2.164077197856644	0.2345539722554033	0.0	0.0	0.0	0.0	0.0	0.2455018522266158	0.0	2.0759336521830303	0.0	2.203979240339471	0.0064320635634401895	0.033299104394420354	0.0	2.2225261726190184	0.0	2.0109239797976493	0.0	0.0	0.0	0.00412270735596384	0.36847002368000026	0.0	2.417340363805011	0.0	0.0	0.0	0.0	0.0	0.0	2.5872562672176462	2.2805273766042027	2.088189120524725	0.0	0.0	0.0	1.772325119963473	0.0	0.0	0.0	0.010323504816444656	1.6930557227080287	0.0	2.2269862138296097	2.146323375480496	2.1697008348509974	0.0	0.0	0.0	2.2864505270351594	0.0	2.140934577130549	2.2766227495798765	0.0	0.0	1.7469435943596208	0.0	0.0	1.7862897185260145	2.236227782096457	2.305805948125984	1.5967556846233752	0.0	0.0	2.39250644845322	2.3266722663059065	0.0	2.242210447852245	0.0	0.0	0.0	1.593378488189281	2.0015382049945645	0.0014559981541954526	0.0	0.0	0.0	1.8425031310083444	0.0	1.7245780294487845	0.0	0.03630412162535359	2.1242606042692977	0.0	2.4002527993546243	1.6337782406000259	0.0
g52	1.8955631637750991	2.168689860626545	2.1570773762081963	1.5399826373051082	2.031675509284419	1.9545964423260875	0.0	1.9239540779258213	1.6346350068705175	1.9442304683959244	0.0	1.8780883367855588	2.0688243129094603	1.644686706633031	0.002638043502615919	1.2112406930871955	0.0	1.9592149861500272	1.497028726676265	0.03660575462689713	1.7447350705428255	1.7934034009162811	0.0	1.7018362545497934	1.76442287908226	0.0	0.0	0.0	1.7921507295894679	1.6129774556682546	2.160805301829917	1.5222546817511575	1.6045600372318694	0.0	0.0	1.9192129697024152	0.0	0.0	0.0	1.8660896567185608	0.0	1.648548640947009	0.0	0.0	0.0	0.0	0.0	2.577537141777563	0.0	1.8782660944553329	1.879715754543376	0.0	0.0	0.0	0.0	0.1938756765754304	1.9201026055223829	1.4004263832446795	0.0	1.599138137714954	1.7948885102428984	0.0	1.639542079383116	0.0	0.0	1.4476354998428005	0.0	1.5990100712915931	1.3128789216889811	0.0	2.1340288224256385	1.312038088151302	2.0741593274180348	0.0	1.4503952045436317	1.8826091284868407	1.7402036055390824	1.9724046656351841	1.9609954563594207	0.0	1.545172527502962	1.3487503959632352	2.4718349237363824	0.0	0.0	1.7596244424473175	1.3552480800517706	1.9530518349174688	1.8420659046401613	0.0	1.7342178442001308	1.4785597053215351	0.0	2.433754368345096	1.504523297722659	1.6549369079189715	0.13938501454157248	0.0	0.0	0.0	0.025336244753112348	0.0	1.54217014474958	2.401050497726747	2.1176233074191813	0.2475957968199496	1.439393504544594	0.0	1.8544043093723763	0.0	0.0	1.7732922396494897	0.0	0.0	1.6797233415144175	0.0	1.952956231879196	1.5259615011851666	1.474805888738608	1.819439527136389	0.0244659346008686	1.5005789476944222	0.0	0.0	1.6769025290218282	0.15917848337083285	0.0	2.1819886009779816	0.0	0.13890094272875206	0.0	1.951023491664426	0.0	1.7568416094018604	0.0	0.0	0.0	0.03904377461575157	0.0	1.4898717927510077	1.550434365682311	2.1956071390572376	0.0	0.0	0.0	0.0	0.0	1.82025992319768	0.0	0.0	0.0	0.0	0.0	0.0	0.0	2.2918395389600628	0.0	0.0	1.5325402886817665	2.275035608358994	0.0	0.0	1.7829840184194958	1.7430156029996091	1.390451380897961	0.0	0.0	2.063239535384452	0.0	0.0	1.8961386472773667	0.0	0.0	1.7787396639879638	0.0	0.0	1.8688202583904256	1.849641889421702	0.0	0.0	1.4616391771982915	0.0	1.7961599690323289	0.0	1.7480384868182333	0.0	0.0	0.0	1.7483434815769292	1.7705325137550116	1.6782020682142695	1.903047962536951	2.078452574342588	1.0326936276375709	0.0	0.0	0.010043784660164885	1.5209119959161874	0.0	1.8109765853180104	0.0	1.9856228957177344	1.7614227625403156	0.0	0.034654550739340616	2.1386362877679943	0.0	0.0	1.9139818634945789	1.3505993975588673	1.7456696457237149	0.0	0.0	0.0	0.005099200642862005	1.754061546052064	0.007601489879318637	1.9520692100730013	1.9022850188554044	0.017191231056309042	0.2046839997315563	0.0	0.0	1.5787983696837251	0.006843367417809287	0.0	0.025499236091786642	1.904022667345292	0.0	0.0	0.0	0.0	0.5499699922269763	0.0	0.0	1.7155787115686385	0.0	0.0	0.0	0.0	0.0	0.0	2.1446943292687126	0.0	0.0	1.8218802981631737	1.6087156746763367	2.0950831112402732	0.0	0.0	0.03243586150641894	1.9118636884305311	1.92291299476356	0.0	0.0	0.0	0.0	0.0	0.0	0.0	1.6626734742147842	0.0	0.0	0.040051837695680416	1.5946075135193436	2.2668292459131902	2.113836158349653	1.7257261062680225	0.0	2.058225239559988	0.0	1.9321731200973111	1.5161907988031398	1.7434264800015138	1.8510096074124969	0.0	1.8273996304607305	0.0	0.0	0.0011144517226640543	0.0	0.02191155524567664	1.942855542733634	1.773975679903551	0.0	1.992882111557764	0.0	0.0	1.7994867482579868	0.02759012761555303	1.784409710061556	1.8532904343706844	1.913141296704489	1.732658622781644	0.0	0.0	1.9056862492933482	1.7442017223678152	1.5485660332335631	2.158407308590049
g53	2.5252379352750154	0.14924120893754994	0.0	0.0030796462984856838	0.0	2.606569276049355	0.0	2.3378854618165765	2.054251082815948	0.0	0.0	2.267322728631928	0.0	0.019563559608982338	0.0	0.0	2.92679356681068	2.2266173854733795	1.9543731578365904	0.0	1.7625582984747623	0.0	0.0	2.583287850404477	2.565424395965267	0.0	0.0	1.7752352738976946	0.0	2.06530365294472	2.2135992875011703	2.2856960362145524	0.4397497887998755	0.0	0.0	0.0	2.1223454799055816	0.0	2.7312079206988966	0.0	0.0	2.44375310688808	2.096232142856412	0.0	3.4942240923129217	0.0	0.0	2.1467216860243976	2.0304563875831247	0.0	2.0424402901047185	2.079706186441727	0.0	0.05371212000075072	0.0	0.0	1.9709529374344088	0.0	0.027634863251791843	0.0	2.226961079101874	0.0	2.5345669477269634	0.02939655983459165	0.0	2.336271993194598	0.0	2.3723137011116875	0.0	2.0895774029991547	0.02261400607325717	0.0	2.3685942644665765	0.0	2.3338536988279635	0.0	0.0	0.0	2.356397968276731	2.1291386216492643	0.0	0.0	0.0012667672374732828	0.0	0.0006929439034452118	2.2893416566055627	0.0	0.0	0.0	2.2683122101809627	0.058578497570039786	2.0607885334516665	0.07072272362963858	2.167650707663059	0.0	2.0389459746779544	0.0	2.123041308267932	0.0	0.0	0.0	0.0	0.0	0.02010873772195312	2.123207104894746	0.08357227695158159	0.0	0.0	1.6930476429073034	0.0	0.04807102114201559	0.0	0.0	0.0	0.0	0.0	1.785928301204644	2.257953742966384	2.3249127089032604	0.0	0.0	2.2500946897499867	0.0	0.018712257823651445	2.578008710286328	0.0	0.0	2.380076730221383	1.4865230443138544	0.016080995177461192	2.246448699848828	1.848817834217076	0.0	0.481218525264608	2.270322772291106	0.0	2.48905289919768	0.0	1.6865617393046386	0.0	0.0	1.8665707614380551	2.191117008849921	2.6906673950142577	1.5144475895343317	0.0	0.0	0.0	0.0	0.0	2.025329263567436	0.0	1.7789517975098883	0.06841520087359168	2.013537574392125	1.1495910865867782	0.906154071076604	2.5781948449630865	0.0	0.0	0.0	1.8540213664744936	2.1484060683909494	0.07455650565069957	1.861202507386825	2.5163958548083287	2.242095023116164	0.0	2.310408017198648	0.0	0.0	2.2335626272822453	0.07275388367094182	0.03756335242292472	1.964905057201	0.0	0.0	0.0	2.113759486391497	2.1124437441901978	2.2386040423070765	0.0	2.099312506071831	0.0	0.0	0.0	0.013601212650558064	1.8112711624104592	0.001134687490486216	2.7051192235302524	0.0	0.0	1.9496979335652025	0.0	0.0	0.0	0.0	2.017480878614456	0.0	2.6816187596597336	0.0	0.0	0.0	2.16074379200342	0.040923376038232234	0.0	0.002624937019881122	0.0	0.0	0.0	2.139674779362936	0.02819861652548915	0.0	0.0	0.0	0.0	0.0008322820852603687	0.0	3.323126301513253	0.0	0.0	2.3227549182172083	0.0	2.2181595527089124	0.0	0.0	0.008747747838625988	1.6138665609059475	0.0	2.1737423974688017	0.015140235070381475	0.0	0.00203951337396884	0.0	0.0	0.0	2.110738737188547	0.0	2.400737545559628	0.0	2.1958891529204934	0.0	0.0	0.0	0.0	0.0	2.1484941862260207	2.304952651417205	0.0	1.7616548239280272	0.0	2.511029140261964	2.062908887163336	0.0	1.6399437676307551	0.0	1.7402917239924718	2.031501478447076	2.2653335124857548	0.0	2.080804218695504	0.0	2.181723093394784	0.0	0.0	0.0	0.0	2.588866801597736	0.0	1.897990280480756	0.017796038628201522	0.0	2.2961947588535225	2.178262761054832	2.3552166461778694	2.1475297985394346	0.0	0.0	0.0	0.06998262577847844	2.7407525844017675	0.0	0.0	2.1114533646563443	0.0	0.0	0.0	2.157529198835366	0.0	0.02095807949620575	0.0	0.7455184441580078	1.4236105254900315	1.8827756663063424	0.0	2.282286646654706	2.3035368000271284	2.0284263231199344	0.0	2.17762802173193
g54	0.0	0.04256436422414104	0.0	0.0	0.0	0.02883937441841137	0.0015350167014646905	0.028201578924885017	0.0	0.0025262268572837604	0.0	0.0	0.0	0.01663347862268675	0.0	0.0	0.001919669792335745	0.0006011182004383804	0.0	0.0	0.4863985956783989	0.03654797867779905	0.04730754909182168	0.0	0.0	0.0	0.0	0.0	0.004967264954462465	0.0833067532272408	0.9040575701907614	0.0	0.044712014955331635	0.06738839642318424	0.0	0.0	0.005435474013075226	0.057772931894662025	0.0	0.001420277206049359	0.004768665979653324	1.6453676208780719	2.5327870722948943e-05	0.0	0.08075887875706186	0.0	0.02140163787178252	0.0	0.0008952585559887774	0.0	0.041796278419718905	0.0	0.16802156098840254	0.0	0.005690080008461465	0.0	0.02087069791400221	0.0009808564681436367	0.0	0.02388619067135094	0.0726369521558435	0.0	0.030586260306951	0.019086861192001228	0.0	0.1277323328051489	0.0	0.5625682515153382	0.027057602707633303	0.07628237585000375	0.0	0.0	0.0	0.05233229839109271	0.0007779165366272409	0.0011633372836377571	0.0	0.03308248718038411	0.5830757298564405	0.011165824375168595	0.032307244872636615	0.0971753732240516	0.009058898505021949	0.0	0.009443480647823188	0.04367348711029406	0.0	0.0	0.0	0.0386619116236297	0.012401670315665836	0.0	0.021695216656918908	0.050597399181127566	0.1254142496167137	0.028536667663516733	0.009763287789161471	0.12871192438159434	0.07045493515120549	0.0	0.0	0.00970783560270698	0.0	0.05893003825000464	0.0	0.004295594774605633	0.14967110115316987	0.006688151904242878	0.0	0.026837224455635203	0.0	0.0	0.021426080464885547	0.035414097072543976	0.0	0.0	5.720492075396568e-05	0.007600884630887656	0.03874037314547429	0.0	0.0	0.0	0.0	0.0016681480048922474	0.0	0.0	0.0	0.0	0.00023736037584423683	0.0	0.05773670595959007	0.0	0.0007149284348976369	0.0	0.0	0.034035478266215724	0.0521536017705142	0.0	0.029388542869742827	0.0	0.04849676919215111	0.041083483983184205	0.04375755764255968	0.0	0.0	0.0	0.014238838177838229	0.0	0.0	0.0658264077818127	0.0	0.08059720209153956	0.0	0.005552676883676628	0.05861397702987627	0.03702019976331325	0.03939823655842816	0.03371217923652442	0.03246976404730858	0.0	0.0	0.02156786136753357	0.0	0.0	0.0	0.036960722947330896	0.0	0.01047373768787927	0.01539440391986108	0.0	0.0	0.0	0.0	0.0	0.0836940052121824	0.0	0.01903607638051985	0.0	1.0629936010574499	0.012562758766510914	0.0	0.017861877125025113	0.07117576717772164	0.0	0.012873374388239862	0.0024942179449223586	0.03939917976331147	0.0007033982884416323	0.0019667591720193248	0.0	0.8076815685538574	0.0	0.0	0.008532702837852171	0.018638032235550668	0.01129479706982852	0.03062335679329018	0.022355133720617683	0.0	0.010150778641409142	0.0	0.0	0.3779967335977668	0.011373104677096742	0.03877370199692375	0.029816509355267324	0.00301548747342773	0.02838379888669032	0.0	0.0	0.07739217420420129	0.0	0.008431221849311133	0.0	0.047358450485252605	0.0005943136811017871	0.028265232217900376	0.0	0.0	0.0	0.0	0.0009858149406350232	0.0	0.046187860539566916	0.020860591871708228	0.0	0.0	0.06792151641923819	0.0	0.04890356265443774	0.0	0.0011135101812255377	0.003981599796021692	0.0	0.0	0.0	0.04508433724059882	0.0	0.10689977861516643	0.014597942193862247	0.0	0.08087201670817103	0.0	0.05312537740336228	0.00037988799630907585	0.0	0.0	0.0035299337467486775	0.03030096567690375	0.050530394093703634	0.0	0.21073015728730546	0.03492589612516781	0.0027076723181061143	0.03764929195375834	0.02623366093625416	0.0	0.0074283097208339656	0.11410410077637885	0.0034046708678451	0.0	0.03608386648594688	0.0	0.0	0.023208747809098203	0.0	0.2596265837522502	0.02483359251561617	0.0	0.0	0.0	0.0856827161812678	0.0	0.0	0.0819652091238077	0.0	0.0	0.013071093086398351	0.028494310440537837	0.03921194821787189	0.0	0.02184354666136433	1.1349522765224975	0.0	0.0	0.0014707207718135124	0.0	0.02701505995449118	0.0	0.0	0.0	0.04361708858041628	0.0	0.0	0.04080359474948212	0.0	0.0	0.5085419550471723	0.0	0.09945401809696627
g55	0.0	1.9021791555047496	2.348188720082552	1.951839174660939	0.0411977574900553	0.05113310992212482	0.0	0.0038942887540539006	0.0	2.1458344526254938	2.0924899492120987	0.012819133676567665	0.004042448408781562	1.5854181216884713	1.9614109337335528	0.01723449769909258	2.088178265018707	0.0	0.0	1.9525983167477616	0.01044257693271455	0.0	2.2291331100998617	0.9482451811631418	0.0	1.7036175942490908	0.0	0.0	2.0047778868979127	0.0	0.035271201865493845	0.0019889965661118213	0.0	1.8023113467738232	1.7767385344643718	0.0	1.4956057674083028	0.01020707858740056	0.0699816704869192	0.0	0.0	0.0	0.0	0.04080735067695507	0.0	0.0	1.752214218502129	0.0	0.2475887575102337	2.086515781034993	0.0	0.0	0.0	0.0	2.0729438640799582	1.438961009278916	0.0	0.0	1.958455609830256	2.340219074772341	0.0	0.0	0.0	0.0	2.2547501189847976	0.0	0.0	0.0	0.0	1.939908952286297	1.9500933085283003	0.0	0.0	1.863311334456708	0.0	2.4970549084086957	0.0	0.0	0.0	0.0	0.0	0.0	2.071719318019324	1.5643964013047704	1.7982300309245995	0.0	1.9533913870091424	0.0	0.0	0.03439630511159965	2.2017026864281464	0.0	2.5992628984633903	0.03416312659560357	0.004885806835465122	0.0	0.0	0.002897008144017252	1.6878211595422024	0.0	1.91968849685244	1.8522689797894007	0.0	1.8528349498946803	0.008581020055426141	0.0	0.0	2.623589900500042	0.0	0.0	1.7316114409553418	1.4205029184401687	1.846791333649753	0.0	0.452925630518448	0.01666756609306998	0.0	1.8986450493573883	0.0	0.0	0.0	0.0	2.117267690488735	2.1319947323512167	0.0	0.0	1.7477564287046865	0.0	0.0	0.0	0.0	0.0645532566543273	0.0	1.8037669001938603	0.0	1.496263471050442	0.0	2.122284362685156	0.03848325800311826	1.89384413902846	0.0	0.0	0.0	5.490004857711594e-05	0.0	2.177660292751151	1.888635792245024	0.0	2.3518100278590657	1.83991835888442	0.0	1.370367373857086	0.0	1.5904293587816791	0.0	1.5570995780846772	0.0	0.0	0.016138844253582953	2.1059306304157976	1.2245273263253302	1.6860469253137134	0.0022044933186873977	1.9983853533178708	0.0	0.0	0.030155748482839174	0.0	0.0	0.0	0.0	0.0	0.0	1.9260967812468084	0.0	2.112342796145488	0.0	2.143536645425588	0.0019133207919664094	0.0	0.0	2.0034905976810946	1.7225266711512583	0.0	0.0	1.8754050431578104	1.6914263091105706	0.0	2.68713533014234	0.0	0.0	1.7794334050214715	0.0	1.9453253411202047	0.0	2.1676851404359367	2.006628330577604	0.0	1.773806379454416	1.1520091823433225	1.6853922481338504	0.005499143209520461	0.0	0.0	1.6045439957044143	0.0	0.0	2.120341529947724	0.0	1.6870757898296769	0.0034196300302451865	2.170684883218432	0.0	1.7690356309717747	1.9031799302113093	1.8260419698524697	1.5973183511806468	0.0065739282713729395	0.1083901687655591	1.9015612828756585	2.2087019455489316	0.0	1.713934073179419	0.0	1.9432046048024656	1.5146439283577822	1.8725248735109188	0.0	1.6036058744051205	0.002666642610976642	1.7828922871841584	1.9154340005292168	0.0	2.107817128458885	1.7886438510802796	0.01743762120594937	0.0	1.8754278685129644	0.0	1.7224439227536086	1.8981992920034088	0.0	1.8904062835819284	0.015228450980544409	0.0	0.0	0.0	0.0	1.854783172357948	0.0	1.88932469857586	0.0	0.0003886604785890472	2.372319910935166	0.012840972282645677	0.0	0.0	0.0	0.0	0.0	0.0009534882800750473	0.0	0.0	1.6824571530564008	0.005126763069947957	0.0009496156292694649	0.0	0.12786080542089642	0.0	0.0	0.0	0.0	0.0	0.0	0.0	0.0	0.0	0.0	1.5950375864274249	1.263705534368856	2.386308620546151	1.4080121783044712	0.0	0.0	0.0	0.0461483060869382	1.7016346996637417	0.0	2.017366496052836	0.0	0.0	1.919482021367684	0.0	0.0	1.7883829017034296	0.0	0.0	0.0	1.9999584184175383	0.02352311063348108
g56	1.4130599925445533	0.022904640553760427	0.0	0.0	1.9840998474455267	0.027669194737631943	0.0	1.7316382578578031	0.0	0.0	0.0	0.0	1.0524211419310234	0.0	0.0	0.0	0.0	0.0	1.0169327220572897	0.022245756350733132	0.0003485347295800629	1.6055839137673469	0.0	0.0	1.0805201799336597	0.0	0.0	1.2465192971611179	0.0015653099326269485	2.009254563440106	0.04335644776988419	0.7749708084549242	0.0	0.0	0.008160969624483889	0.002339537031661834	0.0	0.0430542381358268	1.7743977174949652	0.0	1.224267545120134	1.8594617881415043	1.6031598384420995	1.6459692239878785	1.3032460931859589	0.4783057442142067	0.0	1.300226787608531	0.0	0.0	2.2732117936580045	1.3520272801237692	0.6506374760609129	0.0	0.06795760641380154	0.0	1.7116174726646425	0.0	0.0	0.0	1.7585849442693575	0.04514815738112416	0.02520740904626809	0.002201375761255688	0.0	1.7596442737386848	0.128133501804469	1.8099791638090887	0.014232550816797753	0.0	0.0	0.10290943515748158	0.0	0.0	0.8011080302651312	0.013786002773921186	1.3480253205213486	0.0	1.4430119812856848	1.9856378030534103	0.3402896634939772	0.4942102310394921	0.0	0.002885156762741116	0.001109742333979185	0.8542371311229997	0.0	0.0	0.0	0.0	0.0	0.01729420598404522	0.0	2.0352453232333225	0.0	1.3160346635408091	0.024062430288925258	0.0	0.0	0.0	0.0	0.0	0.013427738892512298	0.0185431283751562	1.7302866397847363	0.0	0.001367452203533415	0.0	0.3052785285113267	0.0	0.0	0.0016779368991188411	0.0	0.041878444095249316	0.07231250661050861	0.3874879632237733	0.5714019639380375	0.0	0.0	1.0121051098567129	0.0010129108921081236	0.0	0.0	0.0	1.4507535258025424	0.0028224095122507237	0.0	0.017187874190797238	1.2247888499408868	0.0141002672194319	0.0	0.0	0.0	0.0	2.0835718034320263	0.0	0.0	0.0	1.3141581497177053	0.0	1.7818304472653803	0.0	0.0025585953650733967	0.7215540965813412	1.5697412978473508	0.0	0.0	0.4444417309480633	0.0	0.0	0.0	0.0	0.0	0.0	1.9272899394522247	0.0	0.0	1.426687931246679	1.996630363855916	0.0	0.010141347225341137	0.0	0.9146963108178832	0.0	0.0	1.6454556051257665	0.0	1.556940993614604	1.4924143287468083	0.0	1.2939826885308636	0.9994177428168588	0.02899281600240054	0.0	1.8646393517426683	0.03548759364688358	0.04698710238481703	0.0	0.0	1.8145618971741608	0.6926738530106521	0.0	0.0	0.0	2.401416593996256	0.0	0.0	0.0	0.004945705192033523	0.022994048594326043	1.2141860032086051	0.00025850552869914416	0.0	0.0	0.0	0.0	0.0	1.8398894846305207	0.0	0.0	0.0	0.00037243392650886456	0.013152692912768065	0.7978968385507608	0.0	1.1587089325555286	0.0	0.003730618489366296	1.4969259522349778	0.008845370269604337	1.6580602468452612	0.0	1.7458451697568715	0.004706350516743911	0.0	0.0	0.0	0.0	0.0	0.0	0.0	1.993421792962068	0.0	0.0	0.0	0.0	0.04005271983085865	2.070212136027175	0.0	2.0431779367137817	0.06900395841886367	0.0	0.0	0.0033009760357831305	0.0	0.0020716110524985087	0.0	0.0	0.4266915818366177	0.0	0.005616962736383457	0.7934618756190417	0.0	0.0	2.4412485703608406	1.7273673045561673	1.7781833800619558	0.0	0.0	0.0006052067983830883	0.0	0.0139677596853314	1.1870422169973884	0.011775618747285858	1.9110798492699463	1.4488783927104287	1.4840161637595828	0.0	0.4042826132278099	0.0	0.0	0.03435282989681996	0.9008564738467052	0.006257717704214894	2.04450274180702	0.00304748232252166	0.0	0.004679364652553555	0.0	0.0	0.0	1.948709717534004	0.0007715148355112866	0.8205874824024826	1.5967782585738588	0.0	0.0	1.5264260738715143	0.007790135300613694	0.0	0.0	0.0	1.4234169093197675	1.7724722542501687	1.655873258517684	0.0	0.0023554423183708146	0.0	0.0010918886201016775	0.0	0.0	0.03473625420735036	1.366567965675913	0.0	0.0	0.0	1.8311069450181687	0.0	0.0	2.0465204710988774
g57	1.8566455215310813	0.039096827010967325	0.0	0.0	1.8488603405468416	2.171606760634764	0.002170549587764775	1.2612672840290582	1.8577809542601	0.0	0.004106372825177591	1.8701142738235632	1.9738705561526564	0.0	0.0	2.5453878174973794	0.0	0.0	0.0	0.0	2.0516225302817435	2.5571946870662643	0.0	0.0	1.5937460056711281	0.0	0.3634014419599426	1.3412083159143766	0.005524619395521685	0.0	2.4561497794943006	1.9629874595929	0.11500950981758593	0.0077478866962570545	0.0	1.8521547607795223	2.0284768041639083	0.0	0.0	1.711174584261428	1.8897580437736528	2.414152664476444	1.8435088980402967	2.11689851823446	0.0	0.0	0.0	2.0032251524749203	1.3535988448469511	0.0	2.4273071079086335	0.0	1.7694317507113335	0.0	0.003902462566892679	0.0012769466110001432	0.0	0.0	0.0	0.0	0.0	0.014267321264672568	1.8372204732446364	0.0178950894796601	0.0	0.0	0.0	0.0	1.8092315289382723	1.8181286414255429	0.0	0.0	0.0	1.7521755248211006	1.8920861012665056	0.0	1.8291883711934929	1.918184705012078	0.0	1.8868210447702398	0.0	0.0	0.0004891157801471507	0.0	0.0	1.9772024959372487	0.0	0.058880976907688364	0.0	2.2185705728272884	0.02049858271965275	0.0	0.0017328858926573458	2.0422496127070517	2.3297230924355725	1.4722859278724822	0.057694831052773024	2.2303010327285704	0.550594146848034	0.0	0.0	0.0	0.0	0.0	0.0	0.0	0.0	0.0	2.0782014474834822	0.0	0.0	0.0	0.0	0.0170260256801461	2.2453077969457245	1.8575111005229776	1.2515057196488348	0.0	2.1979495444402586	2.112899801847824	0.0	2.0484610372465344	0.0	0.008911987128774295	2.1550405559342147	0.01940134870897344	0.07121339012762412	0.0	1.9541515478013287	0.015611358826798531	0.0	2.039784565811437	0.0	0.0	0.0	2.088113842760146	1.240052666482928	0.0	1.7497809915149074	0.0	0.0	0.0	1.8930622998849045	0.0	2.057613036131896	0.046189281816936135	0.0	2.268069626413227	0.0006577711958165727	0.06303252994404167	1.8625576800478405	0.0	2.031090530974229	0.0	0.0	0.0	0.0	1.5705757336436097	2.0797501644567866	0.0	0.06705649782033901	0.0	2.182206082252625	0.0	1.40274932536769	1.4517336033423334	0.0	2.329444157433372	2.084840463432208	0.0	2.224108722565042	0.0	0.0	0.0	2.2558817191723244	0.0	0.0	0.0	1.9516432394094687	1.4119467817613838	0.0	0.0	1.6894929093489055	0.0	1.9290341915512783	0.0005665940629200415	0.038565868590829486	0.0	0.0	0.0	2.358948425571084	0.0	0.0	0.015489768427910243	0.0	0.0	0.0	2.180746085052649	0.0	0.0	0.0	2.3781862234942004	1.8916909889627442	0.0	0.0	1.7969232883132462	0.009717574764945627	0.0	0.0	0.0018974372059575946	1.9902417652014908	0.02536035990463449	2.3937771674773414	0.0	0.04333559462513949	0.008032600836691998	0.12308167715029765	2.209096617299457	2.2259058770126705	0.0	0.0	1.724590555144386	0.000537304725728105	0.0	0.0014972311424999015	0.0	0.0	2.182655513904862	0.004317342014668037	0.0	0.0011386417212161676	0.0	0.005235569718032177	0.013601006414811764	0.0	1.8795180725917413	1.9338556398066284	0.007448487330487912	2.388801049083284	0.008121092368655445	0.0	1.8440481116369285	0.0	1.9553726197548544	2.1347288702666503	0.0	2.121231516965473	1.3762222717092285	0.0346097958858322	1.9484482167099115	0.0	1.5508436362366484	2.2191480750060637	0.0	0.0	0.0	1.8899874779707744	0.0	1.7977509964169711	0.0	1.8601875087550723	0.0	1.9993816545839151	0.0	1.8703108344716617	0.0	2.424574139162819	0.0	2.0593720562588205	0.0	0.0	1.6390355569319055	1.826155428602094	1.98762343309556	2.0565836780882845	1.6842486438302782	0.0	0.0	0.0	0.0	1.8626589082179281	0.009108720691650163	2.067320450278117	1.7048523148425774	0.0	1.799544507388848	0.0	1.8531395818935468	0.0	0.0	1.781949983992894	0.0	1.9665924290570265	0.0	0.0	2.423918335358493	0.0	0.0	0.0	2.1896185903166123
g58	0.0	2.2769254067592195	0.0	1.978680883553886	2.6394247797487767	2.5895835858698	2.577485546839602	0.04747254911777042	2.6394761944447573	2.8320808539980287	0.0	0.0	0.0	0.0	2.0070263282493324	2.0588539319306483	0.0	0.0	0.17159820836218548	2.56404459666762	2.404992908234928	0.0	2.676918167724516	0.0	0.0	1.6509257494064171	0.0	0.0	2.5036078674922164	1.9932115980021283	0.0	2.478100478663206	0.0	2.445335538303954	0.0	2.046271210550032	3.6378931468198696	0.0	0.0	1.8098392822087204	0.0	0.0	2.5756068197161603	2.0550594850136132	2.5481313985182017	0.0	0.0	0.0	0.0	0.0	2.7245951703690983	0.3826957448678091	0.0	0.0	3.0105790447165064	0.0	2.9587692777978662	0.0	0.0	2.6101169260777746	0.0	0.0	0.0	2.902048969250364	0.0	0.0	2.733039527954704	2.8461562794850845	2.485554984169563	0.0	0.0	0.0	2.498779115801879	0.0	0.0	0.0	0.0	1.6029808205712637	0.0	1.955479970423317	2.735273865685984	0.0	2.741995996138567	0.0	2.037485968244809	0.0	2.5801057687959963	0.0	1.457109268328026	2.34834586932429	2.3285317425342296	0.0	2.4668714092131965	1.7703313654929551	2.217959073916579	0.0	2.590706488317072	1.8896044358332065	2.876388680198932	2.8696956395942266	2.752656805169917	0.0	2.0941060460632857	2.343837391219162	0.0	0.0	2.976547999978162	0.0	0.0	0.0	2.3638334384272133	2.5248121823619885	0.0	2.8805432821251147	2.52884898039392	2.6936845630137065	0.0	1.84170861152516	0.0	0.0	2.698572105184082	0.0	2.5677144161852903	2.4414742166047336	0.0016879731255666462	0.0	0.0	2.7139823089576245	2.365314085173392	2.7734248036544717	0.0	2.801658382145322	2.4954384105626004	0.0	0.0	1.544589565607377	2.3245951752581813	0.0	0.0	0.0	0.0	2.736223660858548	1.6697091789756917	2.019324957992092	0.0	2.549969049501334	2.273177708554872	2.502510430580065	2.454176019866772	2.4936664987982566	0.0	2.49414536366582	0.0	0.0	0.0	2.4422831181887674	1.9517015051273543	2.1971880457727058	0.9600136535758038	2.9070263635956337	1.8320945323949245	1.8283944399698269	2.382299137996361	0.0	0.0	0.0	2.874275103919332	0.0	2.614644809779448	0.0	1.9638455937536647	0.0	1.7277204600102083	0.0	0.0	3.0343638346907222	2.205481608598271	0.0	0.0	2.4843639136438083	2.0031336663085564	0.0	2.5724848564991287	2.2685943870280467	0.0	2.39476793633937	0.0	1.9326204582535185	2.73660383312008	2.6563974896323184	0.003916163429414085	0.0	0.0	0.0	0.0	2.194706256648436	0.0	0.0	0.0	2.8025403461787874	0.0	0.0	0.0	2.7902062808240187	0.0	2.2489461308112166	0.0	0.0	2.2219679057722788	2.496104073476014	2.550358669667692	3.1383873952268684	0.0	2.376156677120714	0.0	2.329251489214253	2.7758822888802497	2.233358288732412	0.0	0.0	2.4309081341587966	0.0	2.2286453345161594	2.4905789202606345	0.0	0.0	0.0	0.0	2.628100344479188	2.352998289304398	0.0	0.0	0.0	2.4208967959781735	2.489411454162939	0.0	2.6017861380126828	1.7083710377632757	0.0	1.6758384442306056	2.4190409875126537	0.0	2.5417782559191213	2.4750028409271003	1.2708923120439102	0.0	2.7941292171157253	0.0	3.151237415687936	0.0	0.0	1.7491205149285087	0.0	2.550796540664524	0.0	0.0	0.0	2.1667505753805685	1.94461580090002	2.5566957544379707	2.7302236846355705	1.9529776869319644	0.0	2.3863724507581474	0.0	2.0317724616856885	2.514043110734616	0.0	0.0	0.0	2.209100576179863	0.0	0.0	0.0	0.0	1.063916519901794	2.5078503207044696	0.0	2.5039756149298857	2.728008978913665	2.7408665488987647	2.12645659328531	0.0	0.0	2.5838257104898927	0.0	0.0	0.0	2.0980624394245333	2.4971511274905644	2.6070190983209014	1.9393575730180792	0.0	1.9534483264996871	1.9678037691969368	0.0	0.0	0.0	0.0	0.0
g59	0.0	1.8431683281951887	2.0980283118299745	1.9849564269774964	0.006528974151072228	0.0	2.123463856688335	0.009353761978660249	0.0	1.8081136623972027	2.376142321173916	0.0	0.0	0.0	2.2890585586429384	0.0	0.0010116757534248274	0.0	0.0	2.2264266567235844	0.003347378480788355	0.004420014227678404	1.9489093586703323	0.0	0.0	2.0630757705902267	0.9919455891566782	0.0	2.3016028618491906	0.008188938370146266	0.0	0.0	1.812368846057996	2.2477562884059226	1.954644372560952	0.0	0.0015679936400233975	0.0	0.0	0.0	0.005070678894677845	0.013589610909047744	0.0	0.0	0.01498934037244365	0.0	1.772826212501702	0.0	0.03890270144243793	0.0	0.035945956060662795	0.0	0.06139678357500612	2.488444121862083	2.312447866642237	1.9127574198527064	0.0	0.0	1.9687753932172207	2.1107168688922	0.0026311534615284776	2.049134073992164	0.0	0.0	2.9860391220539397	0.0	0.0	0.0	0.0	0.0	2.3207654424350963	2.48668449138866	0.015027850897926546	0.0	0.00021528306273300207	1.7821707608227564	0.0	0.0014098198640362847	0.0	0.0	0.0	0.005542048643999325	0.0	1.8763238105809608	1.8772389067234547	0.02554813164533404	2.176317133479888	1.9044267312381915	0.0	0.013036503240879163	2.1982306238985907	0.013649133721089777	1.805722826422552	0.025681621061346048	0.0	0.0	0.0	0.004100398161775835	0.0	2.2468226853923587	1.712960991747315	0.0	1.6812618146013851	1.6563669010427322	0.0	2.3051035301996663	1.8860403005959263	2.527005318194064	0.008204835256397964	2.00736457365053	1.8855255883767768	1.8140731046223617	2.0411970974864406	0.0	0.0	0.0	0.0016261005854254355	0.0	0.0	0.0	1.8653133218192903	0.0	0.0	1.7045720181899515	0.0	2.553429445745353	1.7494713441406908	0.010882760658478024	0.0	2.4782327814963243	0.009062877324107257	0.0	2.6457851125327947	0.0	0.0	0.0	0.0	2.3086574999715768	0.003424985078259119	0.0	0.0	0.0	0.0	0.0	0.0	0.0	1.8510886015248864	0.0	2.1963690214560043	2.573545962981452	0.0	2.1664276025715528	0.0	1.7701381727714114	0.08843676907846047	0.0	0.0	0.0	0.014421293818140191	1.788276110819143	2.022429984624712	0.1381811714520446	0.0	1.839420464257909	0.0	0.004180752589368335	0.009362700566857302	0.0	0.0	1.7051813165185563	0.0	0.0	1.6109684900028365	0.0	0.0	2.078949464684773	0.0	0.0	0.029309316508736638	0.0	0.0	1.8204671121128	0.0	0.0210147675613834	0.0002760445579337604	2.7774331288225955	1.7499372374697786	0.0	0.0	0.028542450285274367	0.024517733775081187	1.3709873227536211	0.008654738154293556	0.0	2.356978706262836	2.4609105589701388	1.5999474616161322	0.0	1.8591189321674737	0.0	1.9772556481493768	0.0	0.0144786080158304	0.0	2.0172499666129995	0.02577187536357596	2.2318962131512694	2.1935328111364463	0.0	1.959709593480521	0.0	2.0884118973638417	0.0	2.108889823804932	2.4211099557273794	1.9078212139609336	1.8233632650953784	0.0	0.0	0.0	1.6997503856598462	0.0	2.4363017547306094	0.05371296535042104	2.163043979755116	0.0	2.736370425216021	0.0	1.93577420964448	0.0	1.981556520372727	1.9189907951349083	2.113160112614044	1.9542467699463808	0.0	0.0	0.0	2.104401345620597	0.0	1.8893884517961408	0.0	0.0	2.441175180880914	0.0	0.0	0.0	0.0010940995128454847	0.000946738820115556	1.650627850351713	0.04937275001163773	2.5355020585480457	0.0	0.0	2.186643412712502	0.054388902632423804	0.0	0.023520923112208027	0.0	0.0	2.5207140112566617	0.0	0.0	0.0	2.117443137065216	0.0	0.0	0.002508359147353267	0.0	0.0	0.0	0.0	0.01427489551046317	0.002196464470608464	0.04051698808248571	0.0	0.021281655102083245	2.071892727216581	0.0	1.960029030065592	2.2348878624633026	0.0	0.0	0.0035513974220238885	0.0	0.0	0.0	2.0077417194987306	0.0	2.779568816596336	2.8819063853449123	0.0	1.7736671427386754	0.0	0.0	2.0603773949318462	0.0	0.0	0.097337632896125	2.462736165326535	0.0
g6	1.820875093324552	0.013992246031737458	0.06171850314013432	0.0	2.067029903250672	0.04039797848646536	0.0	0.7546790494637934	0.0	0.0	0.0	1.8433250701368105	1.3946422916963233	0.0	0.0	0.0	0.0	1.8782071477677145	1.6365818120779023	0.0002540342807429597	0.0	2.047168767899436	0.0	0.0	1.9734398612547344	0.0	0.0004100844235200712	0.0	0.0	1.6650170475114985	0.0	2.0617911658280765	0.0	0.014460298701339141	0.005568452770595036	0.0	0.0	2.2507474373184806	1.4467679317185858	2.0321013739407023	1.90309396430742	0.0	2.498736292037913	2.5375928265500822	2.4319777060673267	1.5494913540161388	0.1465483179243857	1.641957785100714	0.0	0.0	2.0804787711576496	1.9228460174034627	0.005241422465563722	0.050247850056085716	0.0	0.0	2.091435551379995	0.0	0.0	0.0	1.9752431259615624	0.05808129815924376	0.04647745877675232	0.010490018170907013	0.0	0.11513279032643768	0.02541901115640041	0.01674051003958661	0.0	0.0	0.03427583026092312	0.021619062187753973	0.0	0.03991843128552098	1.9089890868824624	0.0	1.5652627572035387	2.2541520846319503	0.0	1.822704372649912	0.0	0.0	0.0	0.0	0.07844941279427292	1.8213808839248624	0.006286648329120646	0.0	1.8564986506491776	0.0	0.0	0.0	0.0	1.7742035304087465	0.014660504682434062	1.9519604983995185	0.0	0.0	0.0	0.0	0.009544095829487606	0.0	0.0	0.04363805009138605	0.0	0.0	0.0085829689732133	0.01080495359810632	2.395037848114503	0.004309779095228636	0.0682373619923565	0.0	0.01908014006939057	0.0	0.008208965652059506	0.0418002534540396	0.0	0.0	1.5573935460043986	2.490747725635034	0.0	0.0	0.0	0.0213962511072983	1.947553486694157	0.0	0.0	0.0	1.9667237465756933	0.007338293004981442	0.0	1.7783684764943073	0.007930908799968325	0.009724063663359657	1.7003622440445674	0.0	0.0	0.0	2.4083887832356226	0.0	1.9997558314384256	0.0	2.163804796111269	1.9683914798266973	1.7730090911422656	0.0002738616441034991	0.0	1.6592901951823602	0.0	0.002058492031308748	0.0	0.00039264068156688245	1.8873251778284648	0.03451182335976359	1.2810262138318735	0.08173219891281268	0.0	1.799525153408648	0.0	0.00229936716558404	0.0	0.0	2.1904707936448333	0.0	0.0	0.16287706849986486	2.2342934778517987	1.7048042880251069	1.9155360788551616	0.05477572774028512	1.3967347427233563	2.2281451252833904	0.0	0.0	2.029691445658196	0.0	0.0	0.0	0.0	2.0354104818170304	1.9972277025975225	0.006067833168236151	0.0	1.94633691731374	1.7054877422994772	0.0	0.000930119050010416	0.0	0.0	0.05187256522266223	0.2570998040944851	0.013606724025181344	2.1568722381113496	0.0	0.0	0.0	0.0	1.7361534695162966	0.0	0.0	0.0	1.8769013264273602	0.0	1.7254363034631108	0.0	0.0	0.0	0.0	2.800286054034689	0.0	2.1212079949551663	0.0	1.6624710331117392	0.06306560414386311	0.0	0.002128130262100857	0.007902367044279747	1.7650573067369846	0.021494209727257758	0.0	0.001361571783034559	1.8590334932367247	0.0	0.0	0.0	0.0	0.0	1.874360186868301	0.014522717742187125	1.8374959139510785	0.0	0.0	0.012830555251463606	0.0	0.0	0.031407511798807214	0.020693236808376158	0.007325867228160724	1.8945713941200024	0.0012746371930502107	0.0014649896224641502	1.7738253654961995	0.0	0.0	2.31653503836278	1.907801054816706	0.0	2.523203542549996	0.0	2.2077398012065284	0.0	0.03870897929995902	1.4285389918759426	0.0	1.9225287427225441	1.7697603509163364	1.3457202801475383	1.7368384034747306	1.842767720810008	0.0	1.6040815014139769	0.040736370638831516	1.7432313065525449	0.0	2.1345604870736565	2.017012458865328	1.9547003272055736	0.0008826106068171209	0.0	0.0	0.0	1.9318009415064707	0.0	1.7121475180895571	0.0	0.2131586609922435	0.002182632393595595	2.1936916627954552	0.0	0.0	0.004157199369037477	0.0	0.0	1.8398621962821524	2.20835070738249	2.1924410926139504	0.0	1.689804163976692	0.0015039670883737605	0.0	0.046868290235709716	0.0018461590545987155	1.6525105206141355	0.0	0.0	2.3106726566911866	1.9466131640311617	0.0	0.0	2.53685247748172
g60	2.20683188688348	0.0	0.001378787446625859	0.0	2.365248323061868	0.0	0.0	2.663412729022841	1.7167538219349416	2.537352260434304	0.0	0.0	0.0	2.3151460204991365	0.0	0.0	0.0	0.0	0.0	0.0	0.0	2.221922037066377	0.0	0.0	1.6093594028157336	0.0	0.0	0.0	1.5572675413991526	2.341917304241713	2.119474962761235	0.0	1.9064539462859813	1.71219904126245	2.2464420488089907	0.0	0.0	2.4146814616533403	1.8999330733374185	0.7688375124870511	2.033127483502257	1.8596044552826072	0.0	0.0	2.5197698591799162	2.3642456866264867	2.341206588850603	2.124524581876249	0.0	0.0	0.0	2.6277965821086413	1.9164368748985483	2.4652265391685257	2.170611348236254	0.0	0.0	2.5673016587568966	0.0	2.140241438599501	0.0	2.171628326221959	0.0	0.0	0.0	0.0	0.0	0.0	0.0	0.0	0.0	0.0	0.0	0.0	0.0	2.36271472061976	2.290333482472778	0.0	2.0591411222337217	0.0	1.98641966071264	0.0	2.428598890103409	2.148639341718559	0.0	0.0	0.0	2.2239695808145954	0.0	0.0	0.0	2.113682663802622	2.262361434023033	0.0	0.0	0.0	1.8412044979059707	0.0	0.0	0.0	2.4183832262412004	2.2361378952821886	0.0	2.1176779592963264	2.3865032023660957	2.235736085939349	2.2160251297465865	2.5058136141397997	0.0	0.0	0.0	0.0	0.0	0.0	2.179214092552468	0.0	0.0	0.0	0.0	2.5209849098126265	2.8022887078521737	0.0	2.2226394798986555	2.398341979012228	0.0	2.332559137018767	0.0	0.0	2.4094100342649347	0.0	0.0	2.32573220726583	2.355379934882642	2.7683176300351926	2.4866176037281367	0.0	2.499319083315433	0.0	0.0	0.0	3.2731781078932003	1.831053099039844	1.4612356847728196	2.236354954933578	2.214503096033086	2.1504618086695637	1.8133531100234168	0.0	2.33996444345534	2.285475188089661	0.0	0.0	0.00960470691788005	1.965876220566939	2.0311705468375054	1.737672550322838	1.8575884267200484	2.4322205912502697	2.161593242742785	0.0	0.0	1.8982423324544109	0.0	0.0	0.0	1.9970825914218149	1.4173429998646256	0.0	2.135395088630556	0.009767729290057262	1.6112115646250045	1.5774077781818927	2.334048142715147	0.0	0.0	0.0	0.0	2.29044101689394	0.0	0.0	2.1770743042281366	2.175696653960422	2.1033078523091606	2.2920291741819407	2.0354596622205032	2.748634545211904	2.069299778667691	2.3135353185061254	0.0	0.0	0.0	1.6483452997827095	0.0	0.0	0.0	0.0	2.364391474701685	0.0	0.0	0.0	0.0	0.0	2.4207799590583385	0.0	2.168380093425369	1.5310240730011797	2.188048443407779	0.0	2.055492865893044	2.2222749794374934	0.0	0.0	0.0	2.6736977291165887	2.333838277108003	0.0	0.0	0.7873476547299976	0.0	2.2561826659041304	2.1527976034987826	0.0	1.896127089859546	2.0548766721384526	2.4762493865185085	2.6944597894775137	0.0	0.0	3.2721607548705407	0.0	2.293171601057985	1.881872505442536	2.435550101550579	0.0	2.0905951068121085	0.0	0.0	1.8681056672329504	1.735432268683783	1.98049587810253	0.0	0.0	2.383912809080233	2.5318369735171924	2.2679567587022786	0.0	0.0	0.0	2.255768700717129	0.2501439624914851	0.0	0.0	1.7285147534160281	2.403125278996076	2.067496390830478	2.1666466779475524	1.980467136842421	0.0	0.0	0.0	0.0	0.0	2.211118958907957	0.0	2.4327385164376145	0.0042327135896156574	1.6337390718534384	0.0	0.0	2.1896049491936536	2.3049697785412264	2.19558964420978	0.0	2.455489530782143	0.0	2.3848223554887045	2.4368652829527084	0.0	0.0	0.0	0.0	1.2572936679563436	0.0	2.6301741511698777	0.0	0.0	2.231523169821342	2.201252494646776	0.0	2.4828450500465102	1.965883648228516	0.0	2.296337358978422	2.173861158606669	0.0	0.0	0.0	0.0	1.9745378088387968	0.0
g61	2.2565773603407653	0.012383476672871235	0.0	0.0	2.450289893817859	0.0	0.0	0.0	0.0	0.0	0.0	0.0	0.0	0.003874223504120117	0.0	0.0	0.0	1.5156212035412058	2.793162624016424	0.09563590577472372	0.0	2.002011277373257	0.0	0.02813519716716261	0.0	0.02177680666631316	0.03300685206291306	2.789718584315488	0.0	0.0	2.2810077296057742	0.0	0.0	0.0	0.018144137142523883	2.5499922144784253	0.0	0.0	2.5475941175046963	1.7155358273711685	2.1701990635980444	0.0	2.241445620811331	2.7342366654253984	2.4848235059794908	2.347129168546099	0.0	2.405012716598874	0.04621665777847592	0.0	2.5847618063336317	2.0329680701227923	1.7848920338092953	0.0	0.0	0.0	2.5563012508723983	0.0	0.0	0.0	2.6659326499556504	0.0	1.117939083950837	0.11954807379467845	0.0	2.1736673937708533	0.0	2.3518200617736427	0.0	0.016263887200971633	0.0	0.0	0.0	0.0	2.4532985927641158	0.0	2.7919099634796845	2.4045882607388664	2.260367001135794	2.042511204266949	2.161549459849176	0.0	0.01674683948056399	0.0	0.0	1.9773728399190569	0.0	0.02599138140316605	2.743639937366023	0.5896386614272668	0.0	0.0	0.0	2.1778043670968152	0.4100643082236076	2.0761430245364343	0.028906358761567507	0.0	0.004847726432345249	0.0	0.0014938331348532342	0.0	0.0	0.025946553037062114	2.1870622540098448	0.007439468921399022	0.0	0.0	0.0	0.0	0.0	0.0	0.0	0.0	0.0	2.2512501530758118	2.2773447267495848	0.05628757711939153	2.1152812755452914	2.1646255232936658	0.0	0.22476779545529266	0.0	0.0	0.0	0.0	0.0	0.0	2.3754398603934264	0.009911613585005495	0.0	2.7657547404821536	0.0	0.0	2.1789242442206227	0.0	0.0	0.0	2.4596900021470294	0.0	2.8239136228855903	0.0	0.0	2.1651319456311398	2.255012430520744	0.0	0.0	0.0	0.0	0.0	0.0	0.0	0.0	0.0	1.2633345462517138	0.028374764277165638	0.0	2.01882812155307	0.0	0.04736398610265357	0.0	0.012575012602145554	1.6072477364579016	0.0	0.0	2.0318280665215216	0.0	2.596087657661433	2.3360872217749917	0.0	2.1589230411578137	2.1514337124920915	0.0	0.014468549305712088	2.5911153618817546	0.0	0.06437171677035024	0.0	2.1709032027781507	2.4827729727386467	0.0	0.0	0.0	2.099154856048099	2.3089119432754543	0.0	0.005987232957479073	0.0	0.0	0.1106930241647113	1.9523341884494911	0.0	1.844403963051626	0.0	0.03368093547867185	0.01773131519058961	0.0	1.8698803399477157	0.0	0.0	0.0	0.0	2.8533886917594744	2.1594678450475837	0.04347838091611615	0.0	0.009056468019812594	0.0	2.082752666502389	0.0	2.261387394580374	0.031170191255942194	2.4923213738904253	0.06995816894454795	0.0	0.02812615768803341	0.0	2.19274907801552	0.0	0.0	0.004277087995147281	2.2043668475557565	0.0	0.0	0.0004304308752692589	0.0	0.0	0.0	0.0	2.1589526005811708	0.1450369856267526	0.0	0.0	0.0	0.0	0.14042932316073858	2.354294349302191	0.0	2.3954553135936014	0.0	0.03151757307171432	2.0609141481567383	0.0	2.153461730817988	2.252653396888003	2.587478755606535	2.1560841071490646	2.2435482475124044	0.0	2.112153576260975	0.00520341580236463	0.3577320616323194	2.051129237271699	0.0	2.3317073272736426	0.0	2.3693631550456358	2.540143684647839	2.4644817546427698	0.0	2.1234019791368315	0.03186301095950196	2.4586745109409622	0.0	2.2326243552294063	2.1060518756396083	2.2976852225165763	0.0	0.0	0.15934766246846138	0.00518382743144245	2.162183292066779	0.0	2.005541222582861	1.2850902496592358	2.318815220511734	0.0	2.0592589859550734	0.0	0.0	0.0	0.10575846993142632	0.0	1.9865801604184623	2.337973754251629	2.286902209752627	0.0	2.49186407320133	0.0	0.0	0.0	0.0468507958564995	1.9062267121366003	0.01776444351249396	0.0	0.0	2.304284332346866	2.2767418846697662	0.0	0.0
g62	0.0	0.0	0.0	0.0	1.6992427952615887	1.8555238627956308	0.0	2.468864801656086	2.9257114957234407	0.0	0.0	2.010471211007634	2.4645125001506223	0.0	0.08775638814711119	0.0	1.7119170259601322	2.2403360789597087	2.256353572620044	0.018231251465577875	0.0	2.7676368121691164	0.03615062596172476	0.0	0.0	0.0	2.805251010311554	2.3875388841191802	0.012835443076750292	1.8207763554320104	0.0	2.7856135671001043	2.2394733790037407	0.004801189717081445	0.0	0.0	2.393740108044056	0.0	1.7118587182302158	2.3086490728035485	2.413988801674164	2.2592495189311315	2.96147915597386	2.4342023278664917	2.5056113661256747	2.309619538989736	0.0	0.0	0.0	2.509197225759408	2.184274483261349	0.0	0.0	0.4887275118243277	0.0	0.0	2.2153132749507165	0.0	0.0	0.0	2.2196748745322856	0.0	2.1251676525184	0.10703204463886848	0.0	2.291692550233519	0.0	2.191388442550375	2.261277697467193	0.0	0.0	0.0	2.273066039532681	2.2195978522852853	2.7044996648235458	2.4197950350180037	2.3459472111171253	2.1392524570361964	0.0	1.3775844903045669	0.0	2.1269636580774187	0.0	0.7035252380487289	0.0	1.7972033141689958	0.0	0.0	1.698283235099338	0.0	0.0	0.0	0.04465814772659159	2.285725431308012	2.345537567284569	0.0	0.0	0.0	2.119241496988971	0.0	0.0	0.0	0.0	0.0	0.0	0.25200556298022464	0.0	0.0	0.0	0.0	0.0	0.0	0.0	0.0	0.0	1.3814402751287258	2.4377346318323068	2.183806317584407	2.2379654397558952	2.417147013988522	0.0	1.633742556257144	0.0	0.0	0.0	0.0438621904745397	2.2712136160121528	1.8926856776762129	0.0	0.0	0.0	0.0	2.1577085003751586	0.0	1.9922569570304327	2.2883661876129766	0.0	0.19692724810837528	1.7990961889917298	0.0	0.0	2.2532604628926105	0.0	2.4306407986403906	1.9154848249178031	0.0	0.0	2.406306710009668	1.5386514160126876	0.0	2.501982309853013	0.0	0.0	0.0	2.129095656584925	0.0	2.378782780317399	1.823825259786217	0.0	0.0	0.0	2.416844852733663	2.127627450577985	0.0	1.7834795480596768	2.033615586878258	2.8773692662334533	2.2960169796666747	2.451587374641074	0.0	0.0	2.607388079880184	0.0	0.0	2.2846700449960764	0.0	0.0	2.4179682673492904	2.1459696473920156	2.1709244858719896	2.54876039060373	0.011995306468691085	0.0	0.0	0.0	0.0	0.2736097323684749	0.0	2.070568515362592	0.0	2.2709956000800213	0.0	2.15293760879852	0.007062836739010907	0.0	0.02973529477805268	0.0	2.056403101798514	0.0	1.5882774714985932	0.0	2.242287219173955	0.0	2.1488730225336883	0.05127975075089743	2.0833511729536105	0.0	0.0	2.7042047177040094	0.0	1.6968455464490988	0.0	2.6685334627186106	0.0	0.0	0.05189991787050837	0.0	1.8184339028537355	1.871535032398116	0.0	0.0	2.7144441481514754	0.0	0.0	0.0	0.0	0.06742956907538764	0.0	0.0	2.47814833952494	1.7847278231247263	0.0	0.0	0.07906063600231564	0.0	2.2907228060820057	2.277226338097555	0.0	2.2754760359493607	0.0	2.3249634529264376	1.67124267260676	0.0	2.077753860057221	0.0	0.0	2.8136642275134465	0.0	0.023362543306597136	2.375836839468049	0.0	0.0	2.483337259630592	0.0	2.6175076643374497	1.9719433858170512	0.0	2.3904497019751787	2.113516320872903	0.0	0.0	0.4429365381705232	0.0	0.0	2.5466456776818465	0.0	0.0	0.0	0.0	0.0	0.02207605230635016	0.0	0.0	2.3930104523539453	2.113735047957832	2.4300735059859777	0.0	2.616529926492136	2.303023459420773	0.9887592439681728	0.0	0.0586259794195409	0.0	2.408629668435301	2.2115889187345945	0.0	0.07966043217927579	2.4297369486499236	0.006214862957834752	0.0	0.0	0.0	2.454184787806672	2.222615935561429	0.0	2.3912284492387657	0.0	2.7200092957858937	0.0	2.1474775148379712
g63	0.020004403927882254	0.0	0.0	0.0	0.0	2.5608898832681257	1.8076946029660463	0.0	2.41881308877085	2.4754925381490116	0.0	0.0	0.007542667252040705	2.3878863821106515	2.271858788278049	1.9371071787493424	0.0	0.0	0.0	0.0	2.21124818398614	0.0	2.3718230115514145	2.2483488591797807	0.0	0.0	2.740967293632402	0.03114386243869676	2.5090297084573145	0.016354177033932594	2.3493662111230167	0.0	2.177684988588077	2.3050568447343243	0.0	0.0	2.0261976134893485	0.0	0.020096117748702985	0.12527580701867602	0.03809999872206312	0.0	0.003218943464137133	0.0	0.0	0.0	2.812998472772436	0.04338519118746729	0.0	0.0	0.0	0.0	1.871054125605679	2.3322506941690566	2.3894252308289627	2.5882897996477947	0.003592956443851374	2.3208987206416074	1.9550705187905555	2.380076332472332	0.006906056078044086	2.0462844653354133	0.0	0.0	2.035956857558589	0.09926527005678824	2.5202201845828958	0.0	2.2129928346589782	3.0915633813408774	2.682973179671109	0.0	0.0	2.687152328302272	0.0	2.2692127947291083	0.08810041567927679	0.0	0.0	0.07661633146290428	0.0	0.0	0.0	0.0	0.0	0.0	2.9194259115099155	1.983658430237887	0.0154570559477876	0.0	2.4167964727953377	2.5895090032316377	0.0	0.0	0.0	0.0	0.0	1.9548944402149773	0.0	0.0	2.2091689400881966	2.3248841709033234	2.229783013631569	2.2670648074396	0.0	1.912340751190465	2.0228882080949284	0.0	0.19069855247415346	2.5139069297024585	0.0	2.1283152782314305	2.633090500737947	2.2511721091616166	2.2626171875153243	0.0	0.05102216597910025	0.0	0.0	0.0	0.0	2.2393359715023697	2.199141516859875	0.0	0.0	2.625139612722223	0.0	2.353695510988577	0.0	0.0	2.315294670867913	0.2572892496275063	0.0	0.0	0.0	0.0	2.4950785158258566	1.7224088322855982	0.0	1.6958494735112462	0.03111636794546175	1.7471408168663076	0.3317579501551522	0.0	0.1607673413594538	0.0	2.6509559258221267	0.0	2.3962514990024317	1.9496570977852408	0.0	2.4337565004539226	1.161538728557823	0.0	0.027180273663850764	2.2353152117390964	1.9860968540234347	0.0	0.0217878862907573	2.658135686477032	1.9721741038406948	0.0	0.0	0.0	2.53139510567499	0.029490923912842783	0.0015519554016540527	0.0	0.0	2.2922388242944938	0.07216537585514438	0.009326598533950306	2.349179453600604	0.0	0.021098659910549024	2.221321452669357	2.5952007053137067	0.0	0.0	0.0	0.0	2.2375831009475027	0.0	0.8531906554665517	0.0	2.112065022323783	2.3015708536052326	0.0	2.8116837766895086	0.0	0.0	2.2439523845026668	0.0	0.0	0.0	2.574271332342221	2.2769128054565697	0.0	3.1519115846753505	2.4633290244080173	0.0	0.0	2.381809040159101	0.0	1.6289202616083618	0.028093331007645	2.7206287501309703	2.3758959079693858	0.0	0.0	0.0	2.484044782117073	0.0	2.252351747698629	1.3408465267435201	2.931121138339972	2.6153629638189084	0.0	2.198462979117354	2.501936587179924	0.0	0.0	0.0	0.0	0.0	0.0	2.8179392652464466	0.11033996417123068	2.215338983157087	0.0	0.0	0.0	0.0	2.3240351797360863	2.479809656993687	0.0	0.0	2.96363319407192	0.0	2.5997414557637883	2.673617120927479	0.11080123636223144	2.3687088696734167	0.0	0.0	0.03267287568601246	0.011360807614954857	0.3969166303942641	2.7255623247968357	0.014098757551172056	0.0	2.2904575805166103	0.0	2.6354634015706537	0.029267923441050173	0.0	0.0	0.0	0.0021851934414344053	2.2269998969607605	0.0	2.4593003200142314	0.0	1.6596380647454694	0.0	0.0	0.0	2.2909218144334647	0.0	0.0	2.1311513114059566	0.005739140258291658	2.183076009206748	0.0	0.017047428262951914	2.2052669728461107	2.208050421756879	0.0	0.0	0.0	0.0	2.186285203830971	0.08845935624919908	0.0	0.0	0.026656361730457632	2.371299232864416	0.0	0.0	2.364190869670441	2.3053062837639944	0.0	0.0	1.657179711148449	2.3219704880571084	0.0	0.021075090750665288	1.9509130818964129	2.2049973961388534	0.0
g64	0.0	1.9078405169222723	0.0	0.0	1.3398610106402586	0.0	1.7588711194310926	0.08850303844357145	2.27815063687326	2.321307935020409	0.0	0.0	0.0	1.6439078871898307	0.0	0.0	2.674842905647439	1.8129367104557548	0.242700610263772	0.0	1.8039313717475336	0.0	2.2073682318345718	2.2445020999454464	1.7050771290927675	0.0	0.0	0.0	0.0	2.4461110685103784	0.0	0.0	0.0	2.0649305085362526	0.0	2.2975690146132406	2.321917249361656	0.0	0.0	0.0	2.4085732286856847	0.0	0.0	0.0	2.2318575812073442	0.0	2.2111803773637897	0.0	0.0	0.0	0.0	0.0	0.0	2.1657609555385324	0.0	0.0	0.0	3.6265298773775023	2.415035407323951	0.0	0.0	0.0	2.965592201194254	2.237669410118121	2.080746163968551	0.0	0.0	0.03906699195675405	2.395828980859179	0.0	2.2097556527540583	0.0	2.416055406596677	0.0	2.4540238252747626	2.4383237025484537	0.0	2.3942514620451107	0.0	0.0	2.984397425173013	0.0	0.0	2.37170659375934	1.784172974468981	0.0	0.0	2.2722719620981557	2.439688210519722	2.0963866599562504	2.37218195125752	0.0	0.0	0.0	2.2311539814033536	2.637365442110967	0.0	0.0	2.212382335564758	0.0	2.2625836635913537	2.5624016364653253	2.2281133501512542	2.450696055964692	0.0	1.8146436535134656	0.0	2.9764252659568196	0.0	1.7680299875376333	1.5099502288051228	1.977497024064416	2.324530766043003	2.387746883700268	2.3395064690202325	2.390483302891675	0.0	0.0	0.0	1.9487575499982968	2.2834007367234217	2.298239066702364	2.5922814748623417	0.0	0.2413333682988537	2.244517641435204	1.997452614813776	2.5415903016442565	0.0	0.0	2.4712302952419307	2.324946905021257	0.0	2.3142108363329865	0.0	0.0	0.0	0.0	0.0	2.47386642329245	0.0	2.2607154067997706	2.152107158203528	0.0	0.0	0.0	0.0	0.0	2.6381897833430563	2.722156380343149	0.0	2.239824361963679	0.0	0.0	0.0	0.0	0.0	0.0	0.014384196416905913	0.0	1.9011500515229731	0.0	2.4730921166507285	2.3438769503627737	1.7989633512922936	0.0	2.4369067737302363	2.307872107735878	0.0	2.4453831134464297	0.5599135767089202	0.0	1.9027871555324656	3.117705163710584	0.0	2.312003758861686	2.6141130508035446	2.3351240319040043	0.0	1.5063070182741942	0.0	0.0	2.2323375689849234	0.0	0.0	2.4213196427728296	0.0	1.6909906912694377	1.422654588558203	2.0084343335325574	0.3668625546166941	2.209107604018845	2.27662343411627	0.0	2.3111661175385065	1.9074753501547173	2.256578645280439	0.018837468550782256	0.0	1.9034264729766155	1.8312782412274904	0.0	1.8929492253810964	2.0097494056207363	1.9248797509114208	0.0	2.3557674481674997	1.7435332794433946	0.0	0.0	0.27272526563453303	2.2911831350221585	0.021082098201077804	1.8503826073919158	1.9868011950869184	1.9978111818843625	2.3856552271911275	2.7657283251211946	0.0	2.330910202459365	2.7369308755777606	0.10860257705304972	0.0	0.0	2.354956903174268	0.0	2.3900559163978397	1.1637952644345029	0.0	0.0	2.3832017046105043	0.0	0.0	0.0	2.208797679165459	0.0	2.2496962427458995	2.533073476329553	1.6964308026685624	2.630672925582739	2.115999396505257	0.0	0.0	2.660464545708764	0.0	0.0	0.2509478212805691	0.0	1.9085102169091688	0.0	2.4682664336405	0.0	1.544248522517742	0.0	0.0	0.0	0.0	0.0	0.0	1.5526278515095742	0.0	2.293578245617064	0.0	1.3421564555457828	0.0	0.0	0.0	0.0	0.0	2.327467412716709	2.6475317816553514	0.0	0.0	0.0	0.20555524251284965	0.0	0.0	0.0	2.2161689655990413	0.0	2.72577897276429	0.0	1.2309924597736308	0.0	1.5024326990671273	2.607559277239151	2.534746931436987	0.0	2.5053640895678053	0.0	1.9357022879358003	0.0	0.09993515168558817	0.0	2.7162338468743314	0.0	0.0	1.5802694950091871	1.7302904473670158	0.0
g7	0.0	1.5849108051290342	2.0007627995198405	0.0	0.0	2.4753179700353547	0.0	0.014980185089002725	0.0	2.1251480604799005	1.647579659237414	0.0	0.0021119924585226717	2.153910106238328	2.675234987332967	0.0	2.1433869211990992	0.0	0.013834750549906492	2.1798235556885306	2.4383534314108184	0.0	0.0	2.0419873318685875	0.0	1.7945374709127466	2.352016955359529	0.0	0.0	0.0	2.4202493962750222	0.03785410673421858	1.7167131007525886	0.0	0.0	0.0	2.576671386781081	0.0019725237015857	0.0	0.002136709761313612	0.0	0.0	0.0	0.0	0.0	0.0	0.0	0.014147340517617181	0.0	0.0	0.04515425970015738	0.0	1.5470492256533988	1.9887407790204013	2.145812818225008	2.0438372816679053	0.009127023693876943	0.0	2.197541763576337	1.238609606370538	0.039442860898548274	2.0686305626874515	1.9641578912239799	2.2243605404822606	0.0	0.0	0.0	0.0	0.0	2.94832694208872	0.0	2.0786442537404053	2.4077637072139484	2.1447083577095656	0.02994445995778327	0.0	0.01024876845138895	0.0	0.4566631184307576	0.0	0.0	0.0	2.18778173330719	2.0491892498826867	2.3662631721822667	0.0	0.0	2.2172690120628893	0.0	1.7054640276562023	2.148286702902339	0.0	2.0683058927914084	0.0	0.0	0.0	0.0	2.1411604804763584	0.0	2.8534216680677096	1.4694853357806539	2.5592654845971947	2.0592274538153137	2.3564222533523416	0.023742088143535168	0.0	0.0	2.1565379152489688	0.0	0.0	0.0	2.02984063503409	0.0	0.0	2.315164279074531	1.9471515723753616	0.0	0.0	0.0	0.0	2.4377174190654065	0.0	2.2112284956010217	2.5111484849897865	0.0	2.5130333456726515	2.5020277931661967	2.3575709549209445	0.0	1.75662806460473	2.3687162313581407	0.10821398016909227	0.0	0.0	0.0	1.653159117753764	2.025331575253128	2.140556011452395	0.0	1.4011787875174742	0.0	1.9775879158880096	0.4363824718621783	0.024453897726494558	0.01458879924355943	0.0	2.255172960529303	0.0	0.0	0.0	0.0	1.5211938487058392	0.0	2.1379017317868843	0.00864172244505105	0.0	2.0810807738607275	0.0005569832568846782	0.0	2.217216778948892	0.0	0.0	0.0	2.0878004721445533	0.0	0.0	3.845266049696725e-05	0.0	0.0	2.1160533476964867	0.0	0.0	0.0	2.3696443507572864	0.0	2.3332334474562866	2.041478746099926	1.7495099715715	2.000447415932997	0.0	0.0	2.006989575706688	1.3242934509858793	0.5479522149520438	0.0	0.0	2.0900891566956683	0.0	0.0	0.0	0.0	2.4065389804543065	0.0	2.2611159062418267	0.0	0.0	2.671311313366766	0.010956824338887693	1.9720133879423112	1.6036747006596226	0.0	0.010280715908614345	2.059530423877009	0.0	2.052016783602735	0.15461437021620966	1.6010775296290365	2.102643850313501	0.0	2.2782419491822794	0.0	2.4896139777177866	0.0	2.5979600004280745	0.0	0.0	0.0	0.0	2.0075787786811383	1.6289341065850622	2.242480307251269	0.0	0.0	1.8181464030874048	2.3506045194463194	2.2768801907449747	2.693786884629572	0.06168071600814541	2.0160544074906745	0.0	2.148653122232854	2.1554752137735536	2.288508145561839	0.0	2.793336745985787	1.6427961479459563	2.35800868986485	1.8552482914142758	0.019658561379043368	2.3318094177136177	1.7945557290131404	0.03614627756998071	2.563790592153265	0.07168093769917845	0.02654347842425881	0.0	0.0	0.0	0.0	0.0	2.0656595245528377	2.2434424510156297	0.02675444627479812	2.4824813332856968	0.007689606039191749	0.0	0.0	0.0	0.014623977355291537	0.0	0.0014067706507960526	2.5375922300647105	0.001856385128852381	0.0	0.018171534186816808	0.0	0.0	2.1006682588908947	0.0	0.0	2.100314839837901	0.0	2.3907526151971257	0.0	0.0	0.0	2.154043255388831	0.0	0.0	1.9078335589077544	0.0	0.0	0.12998891648101693	0.0	0.0	0.0700562993375206	2.4450382054130504	0.0	0.0	0.0	0.0	2.122574262941053	0.0	2.438284509573013	2.589767755626287	0.003950898740105503	0.0035662022793306438	2.132210997013169	2.5507542432122823	0.0
g8	0.0	2.2187448912044974	0.0	0.0	0.0	0.0	2.701738033887392	0.0	2.1475529369276307	2.1045097390113847	2.8698056680278867	0.013666751409540174	0.0	2.05463876001011	2.209910096579776	0.0	0.0	0.0	0.02100465680602615	1.7788877766110165	0.0	0.03109741484077732	2.4161664813569503	0.0	0.0004138263576701757	2.0999794788409245	0.0	0.0046858358479162	2.6319825188601818	0.0	0.0	0.0	2.2272233401255916	1.9628668328720955	2.1109589859467937	0.0	0.0	0.0	0.0	0.0031437601275358506	0.0	0.0	0.0	0.0033701985792595	0.0	0.0	2.3107640688596383	0.0	0.0	1.7126458820477295	0.0	0.0	0.0	0.0	2.152991483836124	2.0301911590777517	0.0	1.8053207871429136	0.0	1.988243608839308	0.0	2.441723543952035	0.0	2.0566864486653254	2.2082197886937536	0.0	2.057631163103044	0.02313323331161259	1.9035787895928151	2.170930430949272	2.3944840317485365	2.3465868312757525	1.922772323331739	2.0873548235872583	0.0	2.4310027261641256	0.0	0.025318946278267127	0.0	0.004481884654313134	0.0	0.04907587343937588	2.124254598462837	2.2112917801835743	0.0	0.01997992161007776	0.0	2.159478824206324	0.01597088536582121	0.0	2.2743026221028657	0.8564592435473134	1.9511418937273688	0.014608898938720553	0.0	0.02641049125073399	2.1366229374386583	0.7887874183902679	1.4723535019902667	0.0	2.4512572477069448	0.0	2.689674117343773	1.9101154013713408	0.0	0.0	1.5979675459057432	2.3642141573046294	0.03750937884056922	1.9925646204495189	2.1225973441271493	2.298530959216773	2.305422230937284	2.6142992628018127	0.0	0.0	0.01804758054377391	2.408300959539728	0.0	0.0	0.0	1.6596030861138498	1.6400077107130115	2.294696480155661	0.005191019568211278	0.0	2.431200638230735	0.0	0.0	2.008109252367128	1.8698565948396204	0.0	2.2804260147550792	0.0	0.0	0.0	0.0	1.789786931480116	0.0260849449025484	0.0	0.024916929665491645	2.279038553124975	0.0026431163487739212	0.0	0.0	2.4080231315189238	2.205848308518865	0.0	2.204556203056917	0.0	0.0	2.395969937084105	0.0	2.293710236015075	0.0	0.0	1.6364109603381545	0.0	0.0	0.0	0.0	2.0264460849379597	0.0	2.445283295409101	0.0	0.0	0.0	0.0	0.021628400372519608	0.0	0.0	0.013161732595910048	2.3959642279576085	2.699933181073644	0.0	2.1589311546543395	2.638126716605112	1.7208009583117352	0.0	0.0	0.002298590004164673	0.0	0.0	0.0	0.0	0.0	0.0	2.3053902674868576	2.2513097216143434	2.0096598088142854	0.01958054316308685	2.3154171676915047	0.0010414366960879407	2.0528783661896943	2.5361652654621807	0.0	2.2796213918657315	0.016449741914221827	2.3429339753915994	2.1837149674657965	1.5657246681969483	0.02315549444576675	0.012907349443244473	0.0012793661023006995	2.278649342647596	0.0	0.0	2.039044713013086	0.0	2.204075408372556	0.004227634391151861	2.5566645508210453	0.0	2.0670335342791155	2.1516127587054084	0.0	2.1797837601797028	0.0	2.3396817339678413	2.221442481763143	2.0372894024984083	0.0	0.0	2.1547983549252594	1.8463623447147168	2.589613963337931	2.5037975423569008	0.0	0.0	0.0	0.0	0.0	0.0	0.0	2.5486513537327826	2.262064117635257	0.5167893170684564	2.0525893084168785	0.0	2.236967913530332	2.2612727003634947	0.00247148857842211	2.2882077386882056	0.0009233074985165069	0.0	0.0	0.0	0.0	1.7475643733088218	0.0	0.0	1.601090482852575	0.0	1.967084444092318	0.0	0.027250942790478155	0.0	0.0213334450230328	0.0	0.0	0.022349697007757997	2.0789314813215665	0.0061303429490507004	0.0	0.0	0.0	0.0	1.9052389832304304	1.3731273845112175	2.563628088922015	2.1420119194890703	0.0	2.2286670617706563	0.0	0.0	0.0	0.0	0.0	2.381898714460719	2.5002460499959223	2.3569265490752467	0.0	0.0	0.0	0.0	0.037842528856019714	0.0	0.0	0.0	2.3826184205789733	2.1578707415694147	2.5079114002614333	0.0	2.30256766448272	0.0	0.012478157591425634	0.0	0.0	1.668147674727845	0.0
g9	0.04733143341640562	2.116174761095853	2.108962804861334	2.2185673587526376	0.0	0.0	2.294884962882493	0.0	0.0	2.2060560923595105	2.5032744308309747	0.0	0.0	2.334437714607755	1.937355682333296	0.002910310293741979	2.8106471443109142	0.04701210865897528	0.0	2.4463454690434565	0.0	0.08033922827237644	2.4727965447423865	0.6668217574181025	0.0	2.1750264769047405	0.0	0.0	2.5413889179662	0.0	0.04717224837155035	0.02045247865590016	2.510088290287421	2.7288177801347224	2.3250780798753707	0.0	2.368013527849285	0.0	0.007103657666846943	0.0	0.006101930183463743	0.038055950996323	0.012015265484024415	0.0	0.0	0.014027664116173094	0.0	0.000386059897430696	0.16176926369008293	1.5771216050122108	0.002855556522244319	0.004236239924667489	0.010741750448744843	2.123926446705939	1.6398011731224016	2.058222773997944	0.0	2.616532645958777	0.0	2.5373437973851978	0.0	2.1644994917976104	0.05979951388327901	0.0	0.0	0.0	2.1762854689160176	0.0	0.0	1.9483005386059904	1.7014519675037734	2.4667023868762206	0.0	0.0	0.0	0.0	0.0	0.06058905855656373	0.0	0.0	0.0	0.00219972042528356	2.2481877829678827	2.4315422826440543	2.3324501063136545	0.0011430083798176134	2.248352394215544	1.7504179897809018	0.0	0.0	1.5568501664440637	4.2974973207020755e-05	2.2426238172895663	0.0	0.0	0.0	0.0	0.0	0.0	2.220010828802052	2.2896764829878395	2.180156748783314	2.3413547599587914	2.400035562326273	0.03070263517466972	2.6652098798557486	2.531094860819461	0.0	0.03417688320618629	1.8966909570569528	2.170903294746436	2.411161326431546	2.41075773561896	0.0	0.2337139412095693	0.0007781804188035952	0.0	2.321073330480418	0.0	0.0	0.0	0.0	2.241328930822994	0.0	0.0	3.0948367081056496	0.0	0.0	0.0	0.0	2.4109444013526957	0.0	1.7546649209641219	0.0	0.0	1.8396155474008875	0.0	0.0	0.0	0.0	0.0	2.4723017145901323	0.0	0.0	0.0	2.4051320160814313	2.0687914636964893	0.0	2.524405637719794	2.4904955418553683	0.0	1.5938021738271926	0.0	2.0944682580368643	0.0	2.3476008166683617	0.0	0.0	0.0	2.384155142753789	1.4693393765636231	2.038601915956765	0.0	2.136360229737408	0.0	0.0	0.012086401915266394	0.0	0.0	1.5991882775591382	0.0044023937551171035	0.0	2.6220752530369658	2.1414818688092767	0.0	2.4565669784793758	1.7913247456336974	2.2870061999040554	0.0	0.0	0.0	2.276677434572492	0.0	0.0	0.0	2.3399846159969058	2.1762611885244003	0.0	0.0	0.0	0.0	2.314954890841783	0.004001520597544482	1.664569214506855	0.0	2.5977592061759527	2.232133473244119	0.0	2.324227037449857	2.0911206937751112	2.0179870070239043	0.0	0.06032150237998274	0.0	2.4939886569739294	0.0	0.0	1.5641434735721007	0.0	2.9182598824847674	0.0	2.5017243510257794	0.0	0.0	0.0	2.4122171716016068	2.225795164083186	0.0	0.0	1.8402547308590664	2.4507003589261602	0.0	1.6309299274564488	0.0	0.0	0.0	2.173204084531719	0.0	2.410516958267243	0.0	2.5276318298481444	2.4943234127193867	2.4063742502815675	0.0	0.0	0.0	0.0	0.0	0.0	2.119791519328272	2.5100981270956586	0.0922541353007562	2.294364065560395	0.0	0.013987774843112376	0.0	0.0	0.0019000510823241337	0.0	0.0	2.327760470219403	0.0	0.0	2.1168753917190624	0.0	0.0	0.0	0.008441533355173876	0.0	1.8218355102717747	0.0	2.2094195917144903	0.0	2.2885763786824818	0.0	0.0	0.0	0.12968025759953605	0.005110583604659615	1.0160108055519668	2.5055166404475613	0.0	2.581460980896009	0.0	0.0	0.0	2.3527070932933496	0.0	0.0	0.0	0.0	2.90628127980738	0.0	0.0	0.0	0.02014149428205101	0.0	0.09932827213941864	0.0	2.220352147333849	0.0	0.0	0.0	1.6548587123449283	2.272808318304888	0.0	0.0	0.0	2.110788777140595	0.0
